0 224
0 232
0 255
0 350
0 360
0 501
0 534
0 622
0 680
0 732
0 768
0 1401
224 148
224 350
224 360
224 371
224 622
224 627
224 680
224 732
224 768
224 822
224 875
224 1082
224 1401
232 350
232 612
232 698
232 741
232 838
232 1291
232 1314
232 1485
255 334
255 501
255 534
255 732
255 1246
255 1291
255 1523
350 360
350 371
350 622
350 627
350 680
350 732
350 741
350 768
350 822
350 1082
350 1401
360 148
360 371
360 622
360 627
360 680
360 732
360 768
360 822
360 875
360 1082
360 1401
501 334
501 534
501 732
501 1523
534 231
534 247
534 334
534 460
534 607
534 732
534 858
534 1372
534 1401
622 148
622 371
622 680
622 732
622 768
622 858
622 875
622 1401
680 148
680 371
680 627
680 732
680 768
680 1401
732 768
732 858
732 1401
768 148
768 371
768 627
768 822
768 875
768 1082
768 1401
1401 148
1401 231
1401 247
1401 858
1 14
1 40
1 41
1 326
1 380
1 528
1 550
1 654
1 874
1 920
1 952
1 1239
1 1305
1 1390
14 40
14 275
14 613
14 845
14 869
14 952
14 1239
14 1265
14 1305
14 1367
14 1390
40 239
40 466
40 550
40 654
40 845
40 952
40 1239
40 1265
40 1305
40 1367
40 1390
40 1392
41 326
41 380
41 430
41 435
41 513
41 528
41 729
41 731
41 920
41 1172
41 1275
41 1355
41 1510
326 380
326 435
326 510
326 548
326 550
326 654
326 729
326 874
326 952
326 1390
326 1510
380 435
380 510
380 513
380 528
380 729
380 731
380 807
380 874
380 920
380 1275
380 1510
528 275
528 430
528 513
528 920
528 952
528 1172
528 1417
528 1480
550 239
550 466
550 548
550 654
550 1203
550 1239
550 1390
550 1518
654 239
654 466
654 845
654 952
654 1239
654 1305
654 1367
654 1390
654 1518
874 214
874 435
874 510
874 548
874 678
874 729
874 807
874 1235
874 1390
874 1439
874 1510
920 61
920 430
920 435
920 513
920 731
920 1172
920 1275
920 1355
920 1417
920 1510
952 275
952 869
952 1239
952 1265
952 1305
952 1390
1239 239
1239 466
1239 845
1239 1265
1239 1305
1239 1367
1239 1390
1239 1392
1305 845
1305 869
1305 1265
1305 1367
1305 1390
1390 239
2 191
2 345
2 374
2 616
2 802
2 812
2 1202
2 1544
2 1571
191 141
191 345
191 374
191 527
191 616
191 993
191 1032
191 1202
191 1571
345 141
345 202
345 545
345 616
345 993
345 1003
345 1202
345 1306
345 1571
374 527
374 595
374 616
374 812
374 1202
374 1523
374 1571
616 802
616 1202
616 1306
616 1544
616 1571
802 643
802 694
802 812
802 1005
802 1069
802 1306
802 1544
812 71
812 532
812 694
812 1177
812 1202
812 1470
812 1544
1202 527
1202 595
1202 1032
1202 1544
1202 1571
1544 643
1544 694
1544 1005
1544 1069
1544 1306
1571 527
1571 595
1571 1032
3 127
3 242
3 346
3 349
3 352
3 551
3 656
3 787
3 1146
3 1294
3 1437
127 346
127 443
127 476
127 551
127 656
127 787
127 1294
127 1402
127 1437
242 104
242 346
242 656
242 725
242 839
242 1146
242 1294
242 1356
242 1365
346 349
346 352
346 551
346 656
346 787
346 1146
346 1294
346 1356
349 352
349 416
349 626
349 1383
349 1437
349 1447
352 189
352 626
352 1383
352 1447
551 130
551 443
551 476
551 656
551 787
551 1294
551 1402
551 1437
656 443
656 476
656 725
656 787
656 1146
656 1294
656 1356
787 130
787 443
787 476
787 725
787 1294
787 1356
787 1402
1146 104
1146 516
1146 725
1146 839
1146 1294
1146 1356
1146 1365
1294 104
1294 476
1294 725
1294 1356
1437 543
1437 1402
4 103
4 189
4 211
4 420
4 516
4 599
4 839
4 859
4 1223
4 1365
4 1383
103 189
103 211
103 420
103 516
103 599
103 839
103 859
103 1223
103 1365
189 421
189 599
189 626
189 859
189 1223
189 1365
189 1383
189 1501
211 104
211 327
211 330
211 516
211 839
211 1000
211 1365
211 1473
420 343
420 500
420 516
420 637
420 704
420 740
420 859
420 1105
516 599
516 839
516 859
516 1223
516 1365
599 421
599 839
599 859
599 1223
599 1365
599 1383
839 104
839 1000
839 1365
859 343
859 421
859 500
859 1223
859 1365
1223 421
1223 1365
1223 1383
1365 1383
1383 626
5 66
5 340
5 411
5 493
5 547
5 672
5 981
5 1547
66 19
66 290
66 547
66 638
66 672
66 1296
66 1499
66 1547
340 6
340 303
340 493
340 592
340 889
340 981
340 1359
340 1578
411 705
411 766
411 856
411 1266
411 1335
411 1408
411 1547
493 6
493 303
493 592
493 889
493 981
493 1547
493 1578
547 19
547 222
547 290
547 672
547 889
547 981
547 1185
547 1547
547 1578
672 290
672 638
672 1296
672 1499
672 1547
981 6
981 222
981 592
981 889
981 1547
981 1578
6 303
6 592
6 994
6 998
6 1165
6 1359
6 1533
303 138
303 539
303 592
303 783
303 998
303 1219
592 889
592 994
592 998
592 1359
592 1533
994 814
994 998
994 1165
994 1184
994 1359
994 1533
998 122
998 473
998 539
998 713
998 814
998 1165
998 1168
998 1219
998 1221
998 1359
998 1533
1165 12
1165 122
1165 713
1165 814
1165 823
1165 1221
1165 1359
1165 1533
1359 27
1359 889
1359 1184
1359 1342
1359 1533
1533 27
1533 814
1533 823
1533 1184
7 159
7 887
7 915
7 968
7 1119
7 1302
7 1345
7 1387
7 1415
7 1513
159 612
159 698
159 741
159 822
159 915
159 968
159 972
159 1302
159 1314
159 1345
159 1415
159 1450
159 1513
887 301
887 716
887 844
887 915
887 968
887 1052
887 1104
887 1119
887 1387
887 1513
915 301
915 822
915 968
915 1082
915 1119
915 1302
915 1314
915 1345
915 1387
915 1415
915 1513
968 972
968 1119
968 1302
968 1314
968 1345
968 1387
968 1415
968 1513
1119 301
1119 820
1119 844
1119 1052
1119 1387
1119 1404
1119 1513
1302 612
1302 698
1302 741
1302 972
1302 1314
1302 1345
1302 1415
1302 1450
1302 1513
1345 612
1345 698
1345 741
1345 833
1345 972
1345 1314
1345 1415
1345 1450
1345 1513
1387 1052
1387 1415
1387 1513
1415 972
1415 1314
1415 1513
1513 822
1513 1314
8 38
8 74
8 84
8 558
8 766
8 806
8 828
8 964
8 1273
8 1286
8 1407
8 1408
8 1444
8 1455
8 1479
8 1500
8 1562
38 84
38 404
38 569
38 806
38 828
38 964
38 1273
38 1286
38 1444
38 1479
38 1500
74 84
74 132
74 406
74 558
74 688
74 712
74 766
74 964
74 999
74 1112
74 1273
74 1286
74 1407
74 1444
74 1455
74 1479
74 1562
84 132
84 558
84 688
84 712
84 766
84 806
84 964
84 999
84 1273
84 1286
84 1407
84 1444
84 1455
84 1479
84 1500
84 1562
558 132
558 601
558 688
558 712
558 766
558 964
558 999
558 1273
558 1286
558 1335
558 1407
558 1444
558 1455
558 1479
766 601
766 642
766 688
766 897
766 964
766 999
766 1099
766 1266
766 1335
766 1407
766 1455
806 404
806 695
806 828
806 1241
806 1273
806 1286
806 1328
806 1444
806 1479
806 1500
806 1562
828 404
828 499
828 569
828 695
828 1241
828 1273
828 1328
828 1444
828 1479
828 1500
964 132
964 688
964 712
964 999
964 1112
964 1273
964 1286
964 1407
964 1444
964 1455
964 1479
964 1500
964 1562
1273 712
1273 1112
1273 1286
1273 1407
1273 1444
1273 1455
1273 1479
1273 1500
1273 1562
1286 132
1286 265
1286 688
1286 712
1286 1112
1286 1407
1286 1444
1286 1455
1286 1479
1286 1562
1407 72
1407 132
1407 406
1407 688
1407 712
1407 999
1407 1112
1407 1444
1407 1455
1407 1479
1407 1562
1408 569
1408 1226
1408 1266
1444 688
1444 712
1444 1112
1444 1455
1444 1479
1444 1500
1444 1562
1455 132
1455 406
1455 601
1455 688
1455 712
1455 999
1455 1479
1455 1562
1479 688
1479 712
1479 1112
1479 1500
1479 1562
1500 404
1500 569
1500 1009
1500 1191
1562 11
1562 132
1562 265
1562 712
1562 1112
9 181
9 342
9 375
9 385
9 618
9 991
9 1083
9 1505
181 342
181 375
181 549
181 618
181 991
181 1083
181 1212
181 1299
181 1324
181 1505
342 174
342 375
342 549
342 1083
342 1113
342 1117
342 1212
342 1245
342 1324
342 1497
342 1505
375 385
375 618
375 950
375 991
375 1083
375 1113
375 1117
375 1212
375 1505
385 46
385 618
385 950
385 991
385 1113
385 1117
385 1457
385 1488
385 1505
618 46
618 950
618 991
618 1083
618 1113
618 1117
618 1488
618 1505
991 46
991 950
991 1113
991 1117
991 1457
991 1488
991 1505
1083 1299
1083 1505
10 39
10 400
10 450
10 608
10 646
10 837
10 1040
10 1181
10 1247
10 1438
10 1440
10 1555
39 400
39 450
39 608
39 646
39 837
39 959
39 1040
39 1181
39 1247
39 1438
39 1468
39 1555
400 646
400 837
400 959
400 1040
400 1247
400 1468
400 1550
450 395
450 415
450 465
450 537
450 608
450 646
450 686
450 1040
450 1181
450 1233
450 1422
450 1438
450 1440
450 1456
608 112
608 395
608 465
608 537
608 837
608 1040
608 1181
608 1233
608 1422
608 1438
608 1440
608 1456
608 1555
646 260
646 764
646 959
646 1040
646 1181
646 1247
646 1274
646 1448
646 1468
837 85
837 481
837 1040
837 1078
837 1438
837 1550
837 1555
1040 481
1040 1181
1040 1247
1040 1438
1040 1440
1040 1456
1040 1555
1181 260
1181 395
1181 415
1181 465
1181 537
1181 686
1181 1059
1181 1274
1181 1422
1181 1438
1181 1440
1181 1456
1247 428
1247 764
1247 959
1247 1274
1247 1448
1247 1468
1438 85
1438 112
1438 390
1438 395
1438 465
1438 481
1438 537
1438 1233
1438 1422
1438 1440
1438 1456
1438 1555
1440 112
1440 395
1440 415
1440 465
1440 537
1440 686
1440 1233
1440 1422
1440 1456
1440 1555
1555 85
1555 112
1555 156
1555 390
1555 465
1555 481
1555 537
1555 1233
1555 1422
1555 1456
11 72
11 265
11 271
11 316
11 407
11 472
11 633
11 635
11 712
11 832
11 979
11 1112
11 1139
11 1378
72 33
72 132
72 271
72 406
72 633
72 635
72 712
72 832
72 979
265 316
265 472
265 635
265 712
265 721
265 832
265 979
265 1112
265 1328
265 1378
271 33
271 132
271 406
271 407
271 633
271 635
271 829
271 832
271 979
271 1498
271 1528
316 467
316 472
316 517
316 635
316 721
316 801
316 832
316 979
316 1112
316 1139
316 1328
316 1358
316 1378
407 389
407 522
407 633
407 635
407 674
407 832
407 979
407 1139
407 1358
407 1378
407 1452
407 1528
472 97
472 467
472 721
472 1112
472 1328
472 1378
633 33
633 406
633 635
633 674
633 829
633 832
633 979
633 1498
633 1528
635 674
635 832
635 979
635 1112
635 1139
635 1358
635 1378
635 1452
712 132
712 406
712 688
712 1112
832 406
832 979
832 1112
832 1139
832 1358
832 1378
979 674
979 1112
979 1139
979 1358
979 1378
979 1452
979 1528
1112 1328
1112 1378
1139 389
1139 467
1139 674
1139 721
1139 801
1139 1182
1139 1358
1139 1378
1139 1452
1378 389
1378 467
1378 517
1378 721
1378 801
1378 1358
1378 1452
12 120
12 122
12 139
12 243
12 327
12 330
12 713
12 814
12 1168
12 1221
12 1475
120 139
120 243
120 327
120 330
120 704
120 713
120 814
120 1475
120 1502
122 327
122 473
122 713
122 814
122 1063
122 1168
122 1219
122 1221
122 1475
139 228
139 243
139 308
139 361
139 520
139 751
139 971
139 1502
243 308
243 330
243 520
243 637
243 704
243 751
243 1502
327 330
327 384
327 473
327 704
327 713
327 1000
327 1221
327 1473
327 1475
330 637
330 704
330 713
330 1473
330 1475
713 473
713 814
713 1168
713 1219
713 1221
713 1473
713 1475
814 1168
814 1219
814 1221
814 1475
1168 384
1168 473
1168 539
1168 1063
1168 1219
1168 1221
1168 1475
1221 384
1221 473
1221 1063
1221 1219
1221 1473
1221 1475
1475 384
1475 473
1475 1063
1475 1219
1475 1473
13 214
13 435
13 447
13 679
13 729
13 731
13 807
13 916
13 963
13 1025
13 1137
13 1510
214 300
214 435
214 446
214 510
214 573
214 678
214 729
214 807
214 963
214 1235
214 1339
214 1439
214 1510
435 510
435 513
435 679
435 729
435 731
435 807
435 963
435 1275
435 1510
447 331
447 679
447 728
447 916
447 935
447 1002
447 1077
447 1114
447 1137
447 1249
447 1275
447 1352
447 1355
447 1577
679 731
679 807
679 916
679 963
679 1025
679 1137
729 510
729 573
729 678
729 731
729 807
729 963
729 1235
729 1439
729 1510
731 430
731 513
731 728
731 807
731 916
731 963
731 1025
731 1172
731 1275
731 1355
731 1510
807 446
807 510
807 573
807 678
807 963
807 1025
807 1235
807 1510
916 61
916 331
916 430
916 513
916 728
916 1002
916 1114
916 1137
916 1172
916 1275
916 1355
963 446
963 573
963 678
963 989
963 1025
963 1235
963 1491
963 1510
1025 446
1025 989
1025 1137
1025 1491
1137 1077
1137 1114
1137 1249
1137 1352
1137 1577
1510 510
1510 1235
275 370
275 869
275 1214
275 1265
275 1480
275 1526
613 845
613 869
613 1265
613 1367
845 372
845 466
845 1265
845 1367
845 1392
869 1265
1265 1367
1367 372
1367 466
1367 1392
15 81
15 90
15 245
15 306
15 344
15 405
15 544
15 553
15 586
15 609
15 701
15 854
15 1067
15 1130
15 1152
15 1157
15 1332
15 1573
15 1588
81 90
81 134
81 245
81 306
81 344
81 405
81 544
81 553
81 561
81 586
81 609
81 701
81 854
81 1067
81 1130
81 1152
81 1157
81 1332
81 1573
81 1588
90 134
90 245
90 306
90 344
90 405
90 544
90 553
90 561
90 586
90 609
90 701
90 854
90 1043
90 1067
90 1130
90 1145
90 1152
90 1157
90 1332
90 1573
245 134
245 306
245 344
245 405
245 436
245 553
245 561
245 609
245 701
245 854
245 1043
245 1145
245 1152
245 1332
245 1509
245 1573
306 108
306 134
306 344
306 405
306 530
306 544
306 561
306 586
306 718
306 854
306 1043
306 1067
306 1152
306 1332
306 1376
306 1459
344 108
344 134
344 405
344 530
344 544
344 553
344 561
344 586
344 609
344 701
344 854
344 1043
344 1067
344 1145
344 1152
344 1332
344 1573
405 108
405 134
405 530
405 544
405 553
405 586
405 701
405 854
405 1043
405 1067
405 1152
405 1196
405 1332
405 1376
544 108
544 134
544 530
544 553
544 586
544 701
544 797
544 854
544 1043
544 1067
544 1152
544 1196
544 1332
544 1376
553 561
553 609
553 701
553 854
553 1067
553 1130
553 1145
553 1152
553 1157
553 1332
553 1573
553 1588
586 108
586 134
586 190
586 530
586 701
586 797
586 854
586 1067
586 1152
586 1196
586 1332
586 1376
609 279
609 701
609 854
609 1130
609 1157
609 1295
609 1573
609 1588
701 470
701 744
701 854
701 1067
701 1130
701 1157
701 1567
701 1573
701 1588
854 108
854 134
854 530
854 561
854 1043
854 1067
854 1145
854 1152
854 1332
854 1573
1067 134
1067 470
1067 744
1067 1152
1067 1196
1067 1332
1067 1376
1130 891
1130 980
1130 1157
1130 1295
1130 1573
1130 1588
1152 108
1152 134
1152 530
1152 561
1152 1043
1152 1145
1152 1332
1152 1573
1157 891
1157 1295
1157 1588
1332 108
1332 134
1332 530
1332 561
1332 1043
1332 1145
1573 561
1573 1145
1573 1395
1573 1509
1573 1588
1588 279
1588 980
1588 1295
16 80
16 210
16 225
16 409
16 525
16 580
16 640
16 1346
80 210
80 225
80 295
80 503
80 580
80 640
80 1346
210 114
210 225
210 503
210 525
210 580
210 640
225 160
225 251
225 295
225 469
225 503
225 580
225 719
225 1019
225 1163
225 1262
225 1346
225 1493
225 1504
409 114
409 525
409 1425
525 114
525 1425
580 160
580 251
580 295
580 503
580 1019
580 1250
580 1346
580 1504
640 114
640 503
640 693
1346 160
1346 251
1346 295
1346 503
1346 1006
1346 1019
1346 1229
1346 1250
1346 1504
17 178
17 205
17 335
17 391
17 617
17 697
17 746
17 809
17 1015
17 1042
17 1252
17 1301
17 1433
178 199
178 285
178 391
178 456
178 555
178 617
178 683
178 697
178 809
178 1098
178 1194
178 1426
178 1430
205 391
205 746
205 809
205 1037
205 1042
205 1100
205 1252
205 1301
205 1433
205 1537
205 1542
205 1575
335 126
335 307
335 391
335 401
335 617
335 789
335 1015
335 1042
335 1120
335 1252
335 1301
335 1420
335 1433
391 456
391 617
391 697
391 809
391 1015
391 1042
391 1120
391 1252
617 456
617 683
617 697
617 809
617 1015
617 1042
617 1120
617 1252
617 1426
697 199
697 540
697 555
697 660
697 761
697 809
697 1037
697 1042
697 1194
697 1430
697 1537
746 126
746 383
746 789
746 970
746 1042
746 1100
746 1252
746 1301
746 1433
746 1575
809 1015
809 1042
809 1252
1015 126
1015 789
1015 1042
1015 1120
1015 1252
1015 1301
1015 1433
1042 789
1042 1037
1042 1252
1042 1301
1042 1433
1252 126
1252 789
1252 1120
1252 1301
1252 1433
1301 126
1301 383
1301 789
1301 970
1301 1100
1301 1433
1301 1575
1433 126
1433 248
1433 383
1433 789
1433 970
18 20
18 117
18 164
18 188
18 283
18 288
18 399
18 468
18 495
18 572
18 576
18 661
18 682
18 687
18 836
18 885
18 1187
18 1236
20 188
20 288
20 399
20 403
20 468
20 514
20 572
20 576
20 661
20 682
20 853
20 885
20 1187
117 133
117 152
117 164
117 188
117 283
117 468
117 495
117 576
117 661
117 781
117 836
117 885
117 1187
117 1400
117 1524
117 1558
164 21
164 133
164 283
164 495
164 576
164 588
164 661
164 687
164 748
164 760
164 781
164 836
164 1136
164 1187
164 1341
164 1400
164 1524
164 1558
188 288
188 399
188 403
188 468
188 495
188 572
188 576
188 661
188 682
188 885
188 1187
283 21
283 133
283 152
283 495
283 576
283 588
283 661
283 687
283 748
283 760
283 781
283 836
283 1136
283 1187
283 1341
283 1400
283 1524
283 1558
288 356
288 399
288 403
288 457
288 468
288 514
288 572
288 576
288 661
288 682
288 853
288 885
288 983
288 1041
288 1187
288 1236
399 403
399 457
399 468
399 514
399 572
399 576
399 661
399 682
399 687
399 782
399 836
399 853
399 885
399 1041
399 1187
399 1236
399 1532
468 572
468 576
468 661
468 682
468 885
468 1187
495 133
495 152
495 367
495 576
495 661
495 760
495 781
495 836
495 1136
495 1211
495 1341
495 1400
495 1524
495 1558
572 403
572 514
572 576
572 661
572 682
572 853
572 885
572 1187
576 661
576 682
576 687
576 836
576 885
576 1187
576 1236
576 1400
576 1524
576 1532
661 152
661 682
661 836
661 885
661 1187
682 403
682 457
682 514
682 853
682 885
682 983
682 1041
682 1187
682 1236
687 748
687 836
687 1187
687 1236
687 1524
687 1532
836 133
836 748
836 781
836 885
836 1187
836 1236
836 1400
836 1524
836 1532
836 1558
885 403
885 514
885 1187
885 1236
1187 403
1187 1236
1187 1524
1187 1532
1236 403
1236 457
1236 747
1236 782
1236 1041
1236 1280
1236 1532
1236 1539
19 94
19 290
19 314
19 1047
19 1185
94 146
94 147
94 174
94 222
94 314
94 549
94 1047
94 1185
94 1324
94 1497
290 1185
290 1296
290 1499
314 146
314 147
314 174
314 222
314 419
314 889
314 985
314 1047
314 1185
314 1324
314 1342
314 1497
314 1578
1047 119
1047 146
1047 860
1047 1185
1047 1324
1047 1364
1047 1497
1185 146
1185 147
1185 222
1185 889
1185 1578
403 356
403 457
403 514
403 853
403 983
403 1041
514 356
514 853
514 983
514 1041
853 356
853 457
853 983
853 1041
21 133
21 588
21 748
21 760
21 781
21 1136
21 1400
21 1486
21 1524
21 1558
133 152
133 305
133 588
133 748
133 760
133 781
133 1136
133 1341
133 1400
133 1524
133 1558
588 748
588 760
588 781
588 1094
588 1136
588 1341
588 1400
588 1476
588 1486
588 1524
588 1558
748 760
748 781
748 1400
748 1486
748 1524
748 1558
760 305
760 781
760 1094
760 1136
760 1341
760 1400
760 1476
760 1486
760 1558
781 1136
781 1341
781 1400
781 1486
781 1524
781 1558
1136 305
1136 1094
1136 1341
1136 1400
1136 1476
1136 1486
1136 1558
1400 1341
1400 1524
1400 1558
1486 440
1486 442
1486 461
1486 1094
1486 1442
1486 1476
1524 1558
1558 152
1558 305
1558 1341
22 538
22 570
22 619
22 717
22 1048
22 1110
22 1198
22 1209
22 1317
22 1561
22 1566
538 156
538 390
538 433
538 619
538 668
538 717
538 736
538 1048
538 1142
538 1198
538 1279
538 1353
538 1566
570 128
570 155
570 479
570 777
570 905
570 1088
570 1110
570 1118
570 1198
570 1227
570 1317
570 1561
619 195
619 615
619 624
619 668
619 717
619 736
619 843
619 1048
619 1110
619 1198
619 1209
619 1279
619 1566
717 668
717 843
717 1048
717 1110
717 1198
717 1209
717 1279
717 1566
1048 156
1048 390
1048 433
1048 668
1048 1142
1048 1198
1048 1209
1048 1279
1048 1353
1048 1566
1110 28
1110 615
1110 671
1110 777
1110 905
1110 1198
1110 1209
1110 1317
1110 1561
1198 668
1198 1209
1198 1279
1198 1566
1209 195
1209 615
1209 668
1209 843
1209 1317
1209 1561
1209 1566
1317 28
1317 155
1317 583
1317 615
1317 671
1317 767
1317 777
1317 905
1317 1118
1317 1227
1317 1561
1561 28
1561 615
1561 671
1561 767
1561 777
1561 905
1561 1369
1561 1563
1566 156
1566 433
1566 668
1566 736
1566 1142
1566 1279
1566 1353
23 32
23 83
23 666
23 846
23 910
23 1210
23 1269
23 1434
23 1534
32 83
32 410
32 511
32 625
32 846
32 910
32 954
32 978
32 1534
83 410
83 666
83 846
83 910
83 954
83 1210
83 1434
666 846
666 1210
666 1269
666 1434
846 410
846 511
846 625
846 910
846 954
846 978
846 1534
910 410
910 511
910 625
910 954
910 978
910 1534
1210 531
1210 1195
1210 1269
1210 1434
1269 96
1269 531
1269 1195
1269 1200
1269 1240
1269 1434
1534 410
1534 511
1534 625
1534 954
1534 978
1534 1472
24 25
24 55
24 259
24 299
24 497
24 670
24 756
24 820
24 872
24 1125
24 1167
24 1206
24 1404
24 1542
25 184
25 194
25 273
25 296
25 363
25 497
25 670
25 756
25 872
25 984
25 1125
25 1206
25 1285
55 148
55 259
55 299
55 497
55 627
55 875
55 1100
55 1125
55 1167
55 1206
55 1542
55 1575
259 299
259 371
259 627
259 820
259 875
259 1082
259 1100
259 1125
259 1167
259 1206
259 1404
259 1542
299 497
299 670
299 756
299 820
299 872
299 1100
299 1125
299 1167
299 1206
299 1404
299 1542
299 1575
497 184
497 670
497 756
497 872
497 1037
497 1100
497 1125
497 1206
497 1285
497 1537
497 1542
497 1575
670 184
670 194
670 273
670 382
670 756
670 820
670 872
670 1125
670 1206
756 184
756 194
756 273
756 296
756 382
756 872
756 1125
756 1206
756 1285
820 93
820 301
820 382
820 1167
820 1206
820 1404
872 184
872 194
872 273
872 296
872 382
872 1125
872 1206
1125 184
1125 194
1125 1037
1125 1100
1125 1167
1125 1206
1125 1285
1125 1537
1125 1542
1125 1575
1167 371
1167 627
1167 875
1167 1100
1167 1206
1167 1404
1167 1542
1206 184
1206 194
1206 1285
1206 1537
1206 1542
1404 93
1404 301
1542 875
1542 1037
1542 1100
1542 1537
1542 1575
184 194
184 273
184 296
184 363
184 800
184 984
184 1037
184 1285
184 1537
194 273
194 296
194 363
194 984
194 1285
273 296
273 363
296 363
296 984
363 800
363 984
363 1056
363 1285
984 761
984 800
984 1056
984 1285
1285 800
1285 1037
1285 1537
26 135
26 237
26 289
26 307
26 401
26 779
26 882
26 1075
26 1086
26 1315
26 1321
26 1420
26 1494
26 1529
135 175
135 237
135 289
135 307
135 401
135 463
135 805
135 882
135 1073
135 1075
135 1086
135 1315
135 1321
135 1380
135 1424
135 1494
135 1529
237 143
237 175
237 274
237 307
237 388
237 463
237 805
237 866
237 882
237 1075
237 1086
237 1148
237 1315
237 1368
237 1494
237 1569
289 116
289 779
289 1017
289 1073
289 1220
289 1315
289 1321
289 1380
289 1424
289 1445
289 1529
307 175
307 401
307 882
307 1075
307 1086
307 1120
307 1321
307 1420
307 1529
307 1569
401 882
401 1075
401 1086
401 1120
401 1321
401 1420
401 1529
779 116
779 850
779 1017
779 1070
779 1120
779 1171
779 1311
779 1321
779 1420
779 1445
779 1529
882 175
882 1075
882 1086
882 1315
882 1321
882 1420
882 1494
882 1529
882 1569
1075 175
1075 274
1075 805
1075 1086
1075 1148
1075 1529
1075 1569
1086 175
1086 1315
1086 1321
1086 1420
1086 1529
1086 1569
1315 437
1315 463
1315 498
1315 702
1315 792
1315 1073
1315 1380
1315 1424
1315 1428
1315 1494
1315 1529
1321 1017
1321 1120
1321 1420
1321 1445
1321 1529
1420 1120
1420 1445
1420 1529
1494 437
1494 463
1494 498
1494 702
1494 792
1494 805
1494 1073
1494 1380
1494 1424
1494 1428
1494 1529
1529 1017
1529 1073
1529 1220
1529 1380
1529 1424
1529 1445
27 121
27 519
27 664
27 823
27 1184
27 1205
27 1258
27 1342
121 519
121 664
121 708
121 714
121 947
121 1053
121 1184
121 1205
121 1245
121 1258
121 1349
121 1466
519 147
519 174
519 419
519 664
519 985
519 1184
519 1205
519 1212
519 1245
519 1342
664 708
664 947
664 1053
664 1184
664 1205
664 1245
664 1258
664 1349
664 1466
823 361
823 971
823 1184
823 1258
1184 1205
1184 1258
1184 1342
1205 708
1205 947
1205 1053
1205 1245
1205 1258
1205 1466
1258 361
1258 708
1258 947
1258 971
1258 1053
1258 1349
1258 1466
1342 147
1342 222
1342 419
1342 889
1342 985
1342 1245
1342 1578
28 321
28 441
28 574
28 615
28 671
28 767
28 777
28 905
28 1325
28 1369
28 1519
28 1563
321 43
321 394
321 438
321 441
321 536
321 557
321 574
321 577
321 849
321 1036
321 1076
321 1141
321 1288
321 1325
321 1369
321 1519
321 1563
441 43
441 394
441 438
441 536
441 557
441 574
441 577
441 849
441 943
441 1036
441 1141
441 1325
441 1519
441 1563
574 43
574 438
574 557
574 671
574 777
574 1288
574 1325
574 1369
574 1519
574 1563
615 671
615 777
615 843
615 1369
671 583
671 767
671 777
671 905
671 1369
671 1563
767 270
767 398
767 542
767 583
767 777
767 905
767 1118
767 1151
767 1175
767 1563
777 583
777 905
777 1369
777 1563
905 155
905 270
905 398
905 479
905 542
905 583
905 1118
905 1151
905 1175
1325 43
1325 394
1325 438
1325 557
1325 577
1325 849
1325 943
1325 1563
1369 1288
1369 1519
1369 1563
1519 43
1519 56
1519 438
1519 536
1519 557
1519 621
1519 1036
1519 1288
1519 1563
1563 438
1563 557
29 89
29 123
29 125
29 182
29 298
29 336
29 793
29 863
29 923
29 1190
29 1357
29 1429
89 54
89 125
89 200
89 277
89 317
89 793
89 923
89 1271
89 1316
89 1329
123 125
123 182
123 261
123 298
123 336
123 518
123 602
123 793
123 886
123 923
123 1122
123 1189
123 1190
123 1357
123 1419
123 1429
125 54
125 277
125 298
125 793
125 923
125 1189
125 1316
125 1329
125 1429
182 180
182 297
182 298
182 336
182 426
182 636
182 863
182 923
182 1092
182 1190
182 1310
182 1357
182 1429
298 336
298 793
298 886
298 923
298 1122
298 1189
298 1190
298 1357
298 1429
336 180
336 297
336 426
336 636
336 1092
336 1190
336 1310
336 1357
336 1429
793 923
793 1122
793 1189
793 1190
793 1316
793 1357
793 1429
863 63
863 79
863 192
863 426
863 788
863 1429
923 1189
923 1190
923 1357
923 1429
1190 261
1190 323
1190 506
1190 518
1190 886
1190 1092
1190 1122
1190 1310
1190 1357
1190 1429
1357 261
1357 323
1357 506
1357 518
1357 738
1357 886
1357 1092
1357 1122
1357 1419
1357 1429
1429 426
1429 1310
30 241
30 412
30 535
30 629
30 826
30 890
30 898
30 914
30 1011
30 1016
30 1055
30 1186
30 1312
30 1391
30 1581
241 92
241 212
241 339
241 348
241 749
241 890
241 898
241 1011
241 1016
241 1186
241 1218
241 1248
241 1312
241 1391
412 34
412 167
412 392
412 629
412 826
412 873
412 914
412 1016
412 1055
412 1581
535 105
535 193
535 235
535 348
535 422
535 444
535 629
535 826
535 898
535 914
535 1016
535 1111
535 1218
535 1391
535 1481
535 1541
629 105
629 235
629 348
629 444
629 826
629 890
629 898
629 914
629 1016
629 1111
629 1218
629 1391
629 1481
629 1541
826 105
826 235
826 348
826 444
826 890
826 898
826 914
826 1016
826 1111
826 1218
826 1391
826 1481
826 1541
890 212
890 898
890 914
890 1011
890 1016
890 1055
890 1186
890 1248
890 1312
890 1391
890 1581
898 105
898 203
898 235
898 339
898 348
898 444
898 749
898 914
898 1011
898 1016
898 1186
898 1218
898 1312
898 1391
898 1481
898 1541
914 34
914 167
914 235
914 392
914 1016
914 1541
1011 92
1011 212
1011 348
1011 749
1011 1016
1011 1095
1011 1186
1011 1248
1011 1312
1011 1391
1011 1581
1016 167
1016 392
1016 1055
1016 1106
1016 1391
1016 1581
1055 167
1055 873
1055 1106
1055 1461
1055 1581
1186 92
1186 212
1186 339
1186 348
1186 523
1186 749
1186 1095
1186 1248
1186 1312
1186 1391
1312 92
1312 212
1312 339
1312 348
1312 749
1312 1218
1312 1248
1312 1391
1391 92
1391 339
1391 348
1391 749
1391 1218
1391 1248
1581 167
1581 212
1581 309
1581 1106
1581 1461
31 37
31 217
31 319
31 645
31 663
31 932
31 1091
37 645
37 663
37 909
37 946
37 1091
37 1264
37 1297
37 1580
217 319
217 368
217 645
217 932
217 941
217 1373
319 368
319 645
319 706
319 932
319 941
319 965
319 1373
319 1546
645 368
645 663
645 932
645 965
645 1091
645 1264
645 1297
645 1546
663 169
663 909
663 946
663 1091
663 1128
663 1264
663 1297
663 1580
932 368
932 941
932 1373
1091 909
1091 1264
1091 1297
1091 1580
410 511
410 625
410 954
410 978
410 1192
511 195
511 624
511 625
511 954
511 978
511 1472
625 195
625 624
625 736
625 843
625 954
625 978
625 1192
625 1472
954 978
954 1192
978 1192
978 1472
33 406
33 757
33 829
33 1498
406 132
757 445
757 1496
757 1560
829 522
829 674
829 754
829 1498
829 1528
1498 522
1498 674
1498 754
1498 1528
34 167
34 392
34 560
34 763
34 873
34 1535
167 392
167 560
167 873
392 560
392 763
392 873
392 1535
560 48
560 100
560 220
560 244
560 320
560 408
560 449
560 639
560 763
560 873
560 888
560 1064
560 1243
763 48
763 162
763 220
763 244
763 408
763 529
763 873
763 1535
873 48
873 100
873 244
873 320
873 639
873 1243
1535 162
1535 366
1535 529
1535 903
1535 939
1535 1347
35 369
35 628
35 730
35 778
35 813
35 835
35 1006
35 1179
35 1448
35 1504
369 260
369 628
369 730
369 778
369 813
369 835
369 987
369 1257
369 1274
369 1448
628 160
628 251
628 295
628 469
628 563
628 719
628 730
628 778
628 813
628 835
628 987
628 1006
628 1163
628 1179
628 1216
628 1257
628 1262
628 1493
628 1504
730 469
730 563
730 719
730 813
730 821
730 835
730 987
730 1163
730 1179
730 1216
730 1257
730 1262
730 1493
778 764
778 813
778 835
778 1006
778 1229
778 1448
778 1504
813 835
813 1006
813 1179
813 1257
813 1448
813 1504
835 260
835 563
835 719
835 987
835 1179
835 1216
835 1257
835 1448
835 1493
1006 160
1006 295
1006 1019
1006 1229
1006 1250
1006 1504
1179 115
1179 160
1179 251
1179 469
1179 563
1179 719
1179 821
1179 987
1179 1163
1179 1216
1179 1257
1179 1262
1179 1493
1448 260
1448 764
1448 959
1448 1274
1448 1468
1504 160
1504 251
1504 295
1504 719
1504 1019
1504 1163
1504 1229
1504 1250
1504 1262
1504 1493
36 264
36 315
36 603
36 665
36 675
36 974
36 1213
36 1377
36 1565
264 229
264 518
264 665
264 707
264 738
264 841
264 917
264 1213
264 1419
264 1565
315 161
315 268
315 351
315 603
315 675
315 851
315 940
315 967
315 974
315 1026
315 1101
315 1154
315 1377
315 1405
603 268
603 436
603 691
603 922
603 926
603 940
603 967
603 974
603 1101
603 1140
603 1377
603 1405
665 707
665 841
665 917
665 1213
665 1565
675 161
675 323
675 738
675 967
675 1026
675 1101
675 1154
675 1377
974 161
974 268
974 436
974 691
974 851
974 926
974 940
974 967
974 1026
974 1101
974 1140
974 1377
974 1405
1213 707
1213 841
1213 917
1213 1565
1377 161
1377 268
1377 940
1377 967
1377 1026
1377 1101
1377 1140
1377 1405
1565 229
1565 332
1565 707
1565 841
1565 917
1565 1419
909 169
909 791
909 946
909 1128
909 1164
909 1264
909 1297
909 1394
909 1580
946 169
946 1128
946 1264
946 1297
946 1580
1264 169
1264 791
1264 893
1264 1123
1264 1164
1264 1297
1264 1394
1264 1580
1297 169
1297 791
1297 893
1297 1123
1297 1164
1297 1394
1297 1580
1580 169
1580 1128
404 95
404 99
404 136
404 499
404 569
404 695
404 1009
404 1109
404 1191
404 1241
404 1449
569 95
569 638
569 1009
569 1084
569 1150
569 1191
569 1226
569 1531
959 260
959 428
959 764
959 1274
959 1468
1468 428
1468 764
239 118
239 466
239 548
239 1203
239 1518
466 118
466 372
466 676
466 1392
466 1518
1392 53
1392 372
1392 676
1392 912
430 61
430 513
430 728
430 879
430 1002
430 1172
430 1275
430 1355
430 1417
430 1579
513 61
513 728
513 1172
513 1275
513 1355
1172 61
1172 728
1172 879
1172 1002
1172 1275
1172 1355
1172 1417
1172 1579
1275 61
1275 728
1275 1002
1275 1355
1355 61
1355 728
1355 1002
42 87
42 651
42 708
42 877
42 947
42 1251
42 1349
42 1548
87 651
87 877
87 1069
87 1251
87 1548
651 877
651 1251
651 1306
651 1349
708 361
708 714
708 947
708 1053
708 1349
708 1466
877 1251
877 1306
877 1349
947 714
947 918
947 1053
947 1251
947 1349
947 1466
947 1548
1251 109
1251 714
1251 918
1251 961
1251 1053
1251 1079
1251 1349
1251 1548
1349 361
1349 714
1349 1053
1349 1466
1349 1548
1548 109
1548 166
1548 262
1548 714
1548 918
1548 961
1548 1053
1548 1079
1548 1466
43 394
43 438
43 454
43 536
43 557
43 577
43 762
43 849
43 1036
43 1076
43 1141
43 1288
394 63
394 79
394 426
394 536
394 577
394 636
394 849
394 943
394 1036
394 1076
394 1141
438 454
438 536
438 557
438 577
438 1036
438 1076
438 1141
438 1288
454 69
454 536
454 621
454 762
454 773
454 808
454 901
454 1036
454 1076
454 1141
454 1382
536 63
536 557
536 577
536 762
536 849
536 901
536 1036
536 1076
536 1141
557 577
557 1036
557 1076
557 1141
557 1288
577 63
577 79
577 762
577 849
577 943
577 1036
577 1076
577 1141
762 63
762 79
762 192
762 723
762 976
762 1036
762 1076
762 1126
762 1141
849 63
849 79
849 426
849 636
849 943
849 1036
849 1076
849 1141
1036 63
1036 1076
1036 1141
1036 1288
1076 63
1076 901
1076 976
1076 1141
1141 63
1141 79
1141 976
1288 56
1288 621
1288 1576
44 240
44 254
44 257
44 690
44 895
44 1217
44 1410
44 1477
44 1559
240 95
240 589
240 690
240 895
240 1009
240 1084
240 1150
240 1191
240 1244
240 1334
240 1410
240 1531
254 690
254 895
254 1217
254 1296
254 1410
254 1559
257 82
257 187
257 302
257 512
257 552
257 690
257 1217
257 1477
257 1514
257 1559
690 362
690 895
690 1217
690 1410
690 1477
690 1559
895 638
895 1084
895 1150
895 1410
895 1531
1217 187
1217 302
1217 512
1217 552
1217 1410
1217 1477
1217 1514
1217 1559
1410 638
1410 1150
1410 1296
1410 1499
1410 1531
1477 272
1477 362
1477 512
1477 571
1477 1244
1477 1334
1559 187
1559 302
1559 552
1559 876
1559 1514
45 88
45 292
45 597
45 602
45 825
45 1046
45 1097
45 1189
45 1329
45 1441
45 1474
45 1582
88 597
88 602
88 825
88 1046
88 1097
88 1189
88 1329
88 1441
88 1474
88 1582
292 332
292 378
292 526
292 597
292 662
292 785
292 811
292 917
292 966
292 1014
292 1046
292 1097
292 1441
292 1453
292 1474
292 1582
597 229
597 602
597 825
597 1046
597 1097
597 1122
597 1189
597 1329
597 1441
597 1474
597 1582
602 229
602 518
602 1046
602 1097
602 1122
602 1189
602 1419
602 1441
602 1474
602 1582
825 526
825 893
825 1046
825 1097
825 1123
825 1329
825 1441
825 1474
825 1582
1046 229
1046 332
1046 378
1046 526
1046 662
1046 811
1046 917
1046 966
1046 1097
1046 1441
1046 1453
1046 1474
1046 1582
1097 526
1097 662
1097 785
1097 1441
1097 1474
1097 1582
1189 518
1189 1122
1189 1329
1189 1441
1189 1474
1329 54
1329 706
1329 965
1329 1316
1329 1441
1329 1546
1441 526
1441 662
1441 1474
1441 1582
1474 229
1474 1122
1474 1582
1582 332
1582 378
1582 526
1582 662
1582 785
1582 811
1582 917
1582 966
1582 1453
46 262
46 950
46 1113
46 1117
46 1309
46 1457
46 1488
262 109
262 166
262 918
262 961
262 1079
262 1309
262 1457
262 1488
950 1113
950 1117
950 1457
950 1488
1113 1117
1113 1457
1113 1488
1117 1245
1117 1457
1117 1488
1309 109
1309 166
1309 918
1309 961
1309 1079
1309 1457
1309 1488
1457 109
1457 166
1457 714
1457 918
1457 961
1457 1488
47 67
47 199
47 276
47 285
47 396
47 540
47 555
47 660
47 700
47 761
47 1027
47 1098
47 1144
47 1237
47 1278
47 1289
47 1430
47 1516
67 199
67 221
67 285
67 393
67 396
67 555
67 830
67 1027
67 1098
67 1194
67 1197
67 1278
67 1289
67 1371
67 1430
67 1490
67 1516
199 285
199 456
199 555
199 683
199 930
199 1027
199 1098
199 1194
199 1197
199 1289
199 1426
199 1430
199 1516
276 540
276 660
276 700
276 761
276 800
276 1056
276 1144
276 1289
276 1430
285 172
285 396
285 456
285 555
285 683
285 930
285 1027
285 1098
285 1194
285 1197
285 1289
285 1426
285 1430
285 1516
396 221
396 393
396 830
396 842
396 1027
396 1098
396 1197
396 1237
396 1278
396 1289
396 1371
396 1490
396 1516
540 555
540 660
540 761
540 800
540 1056
540 1289
540 1430
555 456
555 660
555 683
555 1027
555 1098
555 1194
555 1197
555 1289
555 1430
555 1516
660 761
660 800
660 1056
660 1289
660 1430
700 1144
700 1237
700 1278
761 800
761 1056
761 1144
761 1289
761 1430
1027 393
1027 683
1027 830
1027 1098
1027 1194
1027 1197
1027 1278
1027 1289
1027 1371
1027 1430
1027 1490
1027 1516
1098 393
1098 456
1098 683
1098 930
1098 1194
1098 1197
1098 1289
1098 1426
1098 1430
1098 1490
1098 1516
1144 1056
1144 1237
1144 1278
1237 221
1237 830
1237 842
1237 1278
1237 1289
1237 1371
1278 221
1278 393
1278 830
1278 842
1278 1289
1278 1371
1278 1516
1289 1194
1289 1197
1289 1371
1289 1430
1289 1516
1430 1194
1430 1516
1516 393
1516 683
1516 830
1516 1194
1516 1197
1516 1371
1516 1490
48 220
48 244
48 320
48 408
48 439
48 449
48 639
48 888
48 928
48 1028
48 1064
48 1414
220 244
220 320
220 408
220 439
220 449
220 529
220 639
220 928
220 1064
220 1414
244 100
244 320
244 408
244 449
244 639
244 888
244 928
244 1028
244 1064
320 100
320 449
320 567
320 639
320 888
320 1028
320 1243
408 376
408 439
408 449
408 480
408 529
408 639
408 928
408 1064
408 1414
439 376
439 480
439 928
439 1064
439 1414
449 567
449 639
449 888
449 928
449 1028
449 1064
449 1138
449 1414
639 100
639 567
639 888
639 928
639 1028
639 1064
639 1138
639 1243
888 100
888 294
888 304
888 485
888 567
888 759
888 1028
888 1243
928 480
928 1028
928 1064
928 1138
928 1389
928 1414
1028 294
1028 304
1028 567
1028 632
1028 1064
1028 1138
1028 1234
1028 1389
1064 480
1064 1138
1064 1414
1414 376
1414 480
1414 1138
1414 1389
49 59
49 183
49 249
49 304
49 359
49 578
49 632
49 1234
49 1277
49 1385
49 1446
49 1517
59 414
59 632
59 935
59 1077
59 1138
59 1234
59 1249
59 1352
59 1389
59 1577
183 110
183 185
183 249
183 359
183 578
183 1231
183 1385
183 1446
183 1517
249 102
249 110
249 185
249 359
249 578
249 1231
249 1277
249 1385
249 1409
249 1418
249 1517
304 102
304 294
304 485
304 567
304 632
304 759
304 1138
304 1277
304 1384
304 1517
359 110
359 185
359 578
359 1277
359 1385
359 1446
359 1517
578 110
578 185
578 1287
578 1344
578 1385
578 1446
578 1517
632 414
632 935
632 1077
632 1138
632 1234
632 1389
632 1517
632 1577
1234 414
1234 935
1234 1077
1234 1138
1234 1249
1234 1352
1234 1389
1234 1577
1277 102
1277 294
1277 328
1277 567
1277 1384
1277 1517
1385 110
1385 185
1385 418
1385 650
1385 667
1385 1231
1385 1409
1385 1418
1385 1427
1385 1446
1385 1517
1446 110
1446 185
1446 1287
1446 1344
1446 1517
1517 102
1517 294
50 56
50 96
50 600
50 621
50 769
50 808
50 1031
50 1224
50 1508
50 1556
50 1576
56 621
56 1031
56 1224
56 1576
96 600
96 610
96 1031
96 1200
96 1240
96 1556
600 610
600 1031
600 1200
600 1240
600 1508
600 1556
621 69
621 769
621 773
621 808
621 901
621 1224
621 1382
621 1508
621 1576
769 69
769 773
769 776
769 808
769 949
769 1382
769 1508
769 1556
769 1576
808 69
808 773
808 776
808 901
808 949
808 1382
808 1508
808 1556
808 1576
1031 1200
1031 1224
1031 1556
1031 1576
1224 624
1224 1576
1508 69
1508 776
1508 949
1508 1382
1508 1556
1556 610
1556 1200
1556 1576
51 177
51 206
51 459
51 554
51 892
51 908
51 990
51 996
51 1545
51 1552
177 459
177 902
177 996
177 1225
177 1300
177 1411
177 1545
177 1552
206 554
206 892
206 908
206 990
206 1412
459 902
459 996
459 1225
459 1300
459 1411
459 1545
459 1552
554 892
554 906
554 908
554 990
554 1412
554 1584
892 908
892 990
892 1412
908 906
908 990
908 1412
908 1584
990 906
990 996
990 1412
990 1584
996 496
996 902
996 1225
996 1552
996 1584
1545 1225
1545 1300
1545 1552
1552 902
1552 1225
1552 1300
1552 1411
52 351
52 386
52 484
52 521
52 524
52 851
52 1066
52 1156
52 1403
351 161
351 268
351 484
351 851
351 967
351 1026
351 1066
351 1101
351 1156
351 1403
351 1405
386 325
386 357
386 521
386 524
386 870
386 1066
386 1156
386 1403
386 1492
484 161
484 318
484 562
484 851
484 1066
484 1101
484 1156
484 1403
484 1405
484 1451
521 325
521 357
521 524
521 870
521 1066
521 1156
521 1403
521 1492
524 325
524 357
524 870
524 1156
524 1492
851 161
851 268
851 562
851 940
851 967
851 1026
851 1066
851 1101
851 1156
851 1403
851 1405
1066 318
1066 562
1066 1156
1066 1403
1066 1451
1066 1492
1156 562
1156 1403
1156 1492
1403 318
1403 562
1403 1451
1403 1492
53 286
53 347
53 604
53 912
53 1162
53 1379
286 604
286 735
286 906
286 958
286 1412
347 338
347 662
347 785
347 865
347 884
347 966
347 1014
347 1133
347 1155
347 1162
347 1379
347 1453
604 735
604 906
604 958
604 1133
604 1412
912 372
912 676
912 1282
912 1379
1162 785
1162 865
1162 884
1162 966
1162 1133
1162 1155
1162 1379
1162 1453
1379 865
1379 884
1379 1133
1379 1155
54 200
54 277
54 317
54 368
54 706
54 938
54 965
54 992
54 1316
54 1546
200 75
200 277
200 317
200 590
200 724
200 938
200 941
200 992
200 1271
200 1284
200 1316
200 1546
277 75
277 317
277 590
277 788
277 938
277 992
277 1271
277 1316
317 75
317 590
317 706
317 938
317 941
317 965
317 992
317 1271
317 1316
317 1546
368 706
368 941
368 965
368 1316
368 1373
368 1546
706 965
706 1316
706 1546
938 75
938 590
938 724
938 941
938 992
938 1271
938 1284
938 1546
965 1316
965 1546
992 75
992 590
992 724
992 941
992 1271
992 1284
992 1316
1316 1546
1546 941
148 371
148 383
148 627
148 875
148 970
148 1100
627 371
627 822
627 875
627 1082
875 371
875 1082
875 1100
875 1575
1100 1037
1100 1537
1100 1575
1575 1037
1575 1537
57 140
57 219
57 253
57 284
57 379
57 437
57 498
57 630
57 702
57 792
57 936
57 1073
57 1174
57 1354
57 1380
57 1424
57 1428
57 1462
57 1570
140 219
140 253
140 284
140 379
140 437
140 630
140 936
140 1073
140 1220
140 1354
140 1380
140 1424
140 1428
140 1462
140 1570
219 253
219 284
219 379
219 437
219 498
219 559
219 630
219 702
219 771
219 792
219 936
219 1080
219 1174
219 1327
219 1380
219 1428
219 1462
219 1570
253 284
253 379
253 437
253 498
253 559
253 630
253 702
253 792
253 936
253 1174
253 1354
253 1380
253 1428
253 1462
253 1570
284 379
284 437
284 559
284 630
284 702
284 792
284 795
284 936
284 1170
284 1174
284 1327
284 1354
284 1428
284 1462
284 1501
284 1570
379 437
379 498
379 559
379 630
379 702
379 792
379 795
379 936
379 1170
379 1174
379 1354
379 1428
379 1462
379 1570
437 463
437 498
437 559
437 630
437 702
437 792
437 936
437 1073
437 1174
437 1327
437 1380
437 1424
437 1428
437 1462
437 1570
498 70
498 463
498 559
498 630
498 702
498 792
498 1073
498 1080
498 1174
498 1327
498 1380
498 1424
498 1428
498 1462
630 559
630 702
630 792
630 936
630 1073
630 1174
630 1354
630 1380
630 1424
630 1428
630 1462
630 1570
702 70
702 463
702 559
702 771
702 792
702 1073
702 1080
702 1174
702 1327
702 1380
702 1424
702 1428
702 1462
702 1570
792 70
792 463
792 559
792 771
792 1073
792 1080
792 1174
792 1327
792 1380
792 1424
792 1428
792 1462
792 1570
936 559
936 795
936 1170
936 1174
936 1354
936 1396
936 1428
936 1462
936 1501
936 1570
1073 463
1073 1017
1073 1220
1073 1380
1073 1424
1073 1428
1073 1570
1174 70
1174 266
1174 559
1174 771
1174 795
1174 1080
1174 1327
1174 1428
1174 1462
1174 1570
1354 1135
1354 1396
1354 1462
1354 1570
1380 463
1380 1220
1380 1424
1380 1428
1380 1462
1380 1570
1424 463
1424 1220
1424 1428
1424 1570
1428 559
1428 1462
1428 1570
1462 559
1462 795
1462 1570
1570 1220
58 86
58 154
58 215
58 415
58 649
58 765
58 798
58 1059
58 1169
86 154
86 197
86 448
86 494
86 596
86 737
86 821
86 987
86 1169
154 215
154 647
154 649
154 765
154 775
154 798
154 1059
154 1169
154 1406
215 415
215 605
215 647
215 649
215 686
215 765
215 775
215 798
215 1059
215 1166
215 1169
215 1406
415 395
415 537
415 605
415 649
415 686
415 765
415 775
415 798
415 1059
415 1166
415 1456
649 605
649 647
649 686
649 765
649 775
649 798
649 1059
649 1166
649 1169
649 1406
765 605
765 641
765 686
765 775
765 798
765 1059
765 1166
765 1169
765 1406
798 605
798 647
798 686
798 775
798 1059
798 1166
798 1169
798 1406
1059 260
1059 686
1059 1169
1059 1274
1169 647
1169 775
1169 1406
414 331
414 935
414 1077
414 1114
414 1138
414 1249
414 1352
414 1389
414 1577
935 331
935 381
935 1002
935 1077
935 1114
935 1159
935 1249
935 1344
935 1352
935 1389
935 1577
1077 331
1077 1002
1077 1114
1077 1249
1077 1352
1077 1389
1077 1577
1138 567
1138 1389
1249 331
1249 1002
1249 1114
1249 1159
1249 1344
1249 1352
1249 1577
1352 331
1352 1002
1352 1114
1352 1389
1352 1577
1389 567
1389 1577
1577 331
1577 1002
1577 1114
60 163
60 204
60 209
60 216
60 425
60 458
60 727
60 977
60 1022
60 1176
60 1388
60 1454
60 1551
163 209
163 425
163 631
163 977
163 1022
163 1035
163 1103
163 1263
163 1330
163 1388
163 1525
204 216
204 269
204 322
204 324
204 727
204 747
204 977
204 1039
204 1121
204 1176
204 1388
204 1454
204 1551
209 151
209 176
209 213
209 425
209 458
209 977
209 1022
209 1035
209 1062
209 1103
209 1388
216 269
216 322
216 324
216 727
216 747
216 1039
216 1121
216 1176
216 1454
216 1551
425 151
425 176
425 213
425 977
425 1022
425 1035
425 1062
425 1103
425 1388
458 151
458 263
458 977
458 1062
727 324
727 977
727 1121
727 1176
727 1388
727 1454
727 1532
727 1551
977 1022
977 1176
977 1388
977 1551
1022 64
1022 631
1022 1035
1022 1103
1022 1263
1022 1330
1022 1388
1022 1525
1176 324
1176 1121
1176 1388
1176 1454
1176 1532
1176 1551
1388 1525
1388 1551
1454 269
1454 324
1454 747
1454 1121
1454 1532
1454 1551
1551 324
1551 747
1551 1121
1551 1532
61 728
61 879
61 1002
61 1417
61 1579
728 331
728 1002
728 1114
728 1159
879 370
879 1180
879 1214
879 1417
879 1480
879 1579
1002 331
1002 381
1002 1114
1002 1159
1417 370
1417 1180
1417 1214
1417 1480
1417 1579
1579 1180
1579 1480
62 76
62 137
62 310
62 1199
62 1270
62 1461
62 1489
62 1515
76 137
76 212
76 309
76 310
76 1095
76 1106
76 1270
76 1461
76 1515
137 212
137 309
137 1095
137 1270
137 1461
137 1515
310 100
310 1106
310 1199
310 1243
310 1461
310 1489
310 1515
1199 100
1199 353
1199 485
1199 759
1199 1243
1199 1384
1199 1461
1199 1489
1270 212
1270 309
1270 1095
1270 1106
1270 1461
1270 1515
1461 309
1461 1106
1461 1489
1461 1515
1489 353
1489 485
1489 759
1489 1243
1489 1384
1515 309
63 79
63 192
63 426
63 976
63 1126
79 426
79 636
79 943
192 101
192 723
192 755
192 788
192 976
192 1126
192 1228
192 1271
192 1458
426 297
426 636
426 943
426 1310
976 101
976 723
976 755
976 1126
976 1228
976 1458
1126 101
1126 723
1126 755
1126 788
1126 1228
1126 1458
64 176
64 1035
64 1103
64 1263
64 1330
64 1483
64 1526
176 151
176 213
176 370
176 1035
176 1062
176 1103
176 1214
176 1480
176 1483
176 1526
1035 151
1035 213
1035 370
1035 1062
1035 1103
1035 1214
1035 1483
1035 1526
1103 213
1103 1263
1103 1330
1103 1483
1103 1526
1263 341
1263 631
1263 1330
1263 1483
1263 1525
1263 1543
1330 341
1330 631
1330 1483
1330 1525
1330 1543
1483 213
1483 1526
1526 213
1526 370
1526 1214
1526 1480
65 112
65 128
65 131
65 155
65 395
65 465
65 598
65 641
65 786
65 894
65 1088
65 1227
65 1233
65 1293
65 1381
65 1422
112 390
112 395
112 465
112 537
112 1233
112 1293
112 1422
112 1456
128 131
128 155
128 479
128 598
128 786
128 894
128 1088
128 1118
128 1227
128 1293
128 1381
131 505
131 509
131 598
131 641
131 786
131 894
131 1061
131 1088
131 1381
155 479
155 598
155 786
155 894
155 1088
155 1118
155 1227
395 390
395 465
395 537
395 641
395 686
395 1166
395 1233
395 1293
395 1381
395 1422
395 1456
465 390
465 537
465 686
465 1233
465 1293
465 1381
465 1422
465 1456
598 479
598 641
598 786
598 894
598 1061
598 1088
598 1118
598 1227
598 1293
598 1381
641 505
641 605
641 686
641 775
641 786
641 894
641 1166
641 1381
641 1406
786 479
786 505
786 894
786 1088
786 1227
786 1293
786 1381
894 479
894 505
894 509
894 1061
894 1088
894 1118
894 1227
894 1381
1088 479
1088 509
1088 587
1088 1061
1088 1118
1088 1227
1088 1381
1227 479
1227 1118
1227 1293
1227 1381
1233 390
1233 537
1233 1293
1233 1422
1233 1456
1293 390
1293 1381
1293 1422
1381 605
1381 1166
1422 390
1422 537
1422 686
1422 1456
638 1084
638 1226
638 1296
638 1499
1296 1499
221 393
221 566
221 830
221 842
221 997
221 1336
221 1371
221 1490
393 566
393 830
393 997
393 1197
393 1371
393 1490
830 566
830 842
830 997
830 1197
830 1336
830 1371
830 1490
1194 172
1194 456
1194 683
1194 930
1194 1197
1194 1426
1197 172
1197 683
1197 930
1197 997
1197 1366
1197 1371
1197 1490
1371 566
1371 842
1371 997
1371 1490
1490 566
1490 677
1490 997
68 70
68 78
68 218
68 266
68 421
68 500
68 559
68 611
68 771
68 1080
68 1105
68 1253
68 1327
68 1435
68 1530
70 78
70 143
70 266
70 508
70 559
70 710
70 771
70 866
70 1080
70 1253
70 1327
70 1368
70 1435
70 1530
78 266
78 421
78 500
78 559
78 771
78 1080
78 1105
78 1253
78 1327
78 1435
78 1530
218 124
218 202
218 491
218 500
218 508
218 545
218 611
218 710
218 852
218 871
218 1003
218 1105
218 1253
218 1370
218 1435
218 1506
218 1530
218 1568
266 421
266 500
266 559
266 771
266 1080
266 1253
266 1327
266 1435
266 1530
421 500
421 771
421 1253
421 1327
421 1530
500 343
500 611
500 740
500 1105
500 1253
500 1435
500 1506
500 1530
559 771
559 1080
559 1253
559 1327
611 124
611 145
611 343
611 491
611 508
611 545
611 740
611 852
611 871
611 1003
611 1105
611 1253
611 1370
611 1435
611 1506
611 1530
611 1568
771 710
771 1080
771 1253
771 1327
771 1435
771 1530
1080 508
1080 710
1080 866
1080 1253
1080 1327
1080 1368
1080 1435
1080 1530
1105 124
1105 145
1105 343
1105 491
1105 637
1105 740
1105 1253
1105 1435
1105 1506
1105 1530
1105 1568
1253 508
1253 710
1253 1327
1253 1435
1253 1530
1253 1568
1327 1530
1435 124
1435 202
1435 491
1435 508
1435 710
1435 871
1435 1003
1435 1506
1435 1530
1435 1568
69 715
69 773
69 776
69 901
69 949
69 1382
69 1549
715 901
715 1204
715 1527
715 1549
773 901
773 1382
776 584
776 949
776 1071
776 1382
776 1423
776 1527
901 1382
901 1549
949 584
949 1071
949 1382
949 1423
949 1484
949 1527
1549 723
1549 755
1549 1527
143 274
143 388
143 463
143 508
143 710
143 805
143 866
143 927
143 1368
508 202
508 710
508 866
508 871
508 927
508 993
508 1368
508 1568
710 202
710 866
710 871
710 927
710 1368
710 1568
866 274
866 388
866 463
866 805
866 927
866 1368
1368 274
1368 388
1368 463
1368 805
1368 927
71 532
71 929
71 933
71 1177
71 1246
71 1470
71 1523
532 334
532 595
532 929
532 933
532 1177
532 1246
532 1291
532 1470
532 1523
929 758
929 933
929 1001
929 1107
929 1177
929 1256
929 1470
933 1001
933 1107
933 1177
933 1246
933 1256
933 1291
933 1470
1177 758
1177 1246
1177 1470
1177 1523
1246 334
1246 595
1246 1291
1246 1470
1246 1523
1470 1001
1470 1107
1470 1256
1470 1291
1523 334
1523 527
1523 595
132 688
132 999
73 234
73 634
73 653
73 784
73 1340
73 1398
73 1413
73 1421
73 1538
73 1564
234 502
234 653
234 742
234 784
234 868
234 913
234 1072
234 1147
234 1413
234 1564
634 252
634 653
634 784
634 827
634 1065
634 1340
634 1398
634 1421
634 1478
634 1538
634 1564
653 252
653 784
653 1065
653 1340
653 1398
653 1421
653 1538
653 1564
784 256
784 652
784 1072
784 1340
784 1398
784 1413
784 1421
784 1564
1340 252
1340 827
1340 1065
1340 1109
1340 1398
1340 1421
1340 1436
1340 1449
1340 1553
1340 1564
1398 252
1398 652
1398 1065
1398 1109
1398 1421
1398 1449
1398 1553
1398 1564
1413 91
1413 256
1413 742
1413 868
1413 913
1413 1072
1413 1554
1413 1564
1421 252
1421 827
1421 1065
1421 1478
1421 1538
1538 709
1538 1173
1538 1193
1538 1259
1538 1478
1564 256
1564 652
1564 1072
688 601
688 999
688 1099
999 601
999 642
999 897
999 1099
999 1335
75 590
75 724
75 788
75 941
75 1271
75 1284
590 515
590 724
590 788
590 941
590 1271
590 1284
724 515
724 941
724 1284
788 1271
788 1458
941 1284
941 1373
1284 515
1284 815
212 309
212 1095
212 1106
212 1248
212 1469
309 1095
309 1106
1095 523
1095 1248
1095 1469
77 804
77 1208
77 1304
77 1362
77 1487
804 300
804 365
804 623
804 1024
804 1057
804 1313
804 1339
804 1350
804 1397
1208 168
1208 446
1208 504
1208 989
1208 1242
1208 1304
1208 1491
1208 1572
1304 504
1304 1242
1304 1572
1362 840
1362 931
1362 1050
1362 1487
1487 267
1487 840
1487 931
1487 1034
1487 1431
636 180
636 297
636 943
636 1310
943 297
295 160
295 251
295 469
295 503
295 563
295 719
295 1019
295 1163
295 1229
295 1250
295 1262
295 1493
503 160
503 171
503 251
503 424
503 469
503 563
503 693
503 719
503 1163
503 1260
503 1262
503 1493
134 108
134 530
134 561
134 1043
134 1320
134 1459
561 108
561 436
561 530
561 691
561 922
561 926
561 1043
561 1145
561 1307
561 1509
82 187
82 512
82 1129
187 302
187 512
187 552
187 1129
187 1514
512 1129
85 156
85 236
85 433
85 481
85 1078
85 1326
85 1353
85 1550
156 390
156 433
156 481
156 1142
156 1279
156 1326
156 1353
236 1078
236 1326
236 1550
433 390
433 481
433 668
433 1142
433 1279
433 1326
433 1353
481 390
481 1078
481 1326
481 1353
481 1550
1078 1326
1078 1550
1326 1142
1326 1353
1326 1550
1353 390
1353 1142
1353 1279
197 113
197 448
197 455
197 494
197 596
197 737
197 821
448 113
448 455
448 494
448 596
448 737
448 821
448 948
448 1348
494 113
494 455
494 596
494 737
494 948
494 1348
596 113
596 455
596 737
596 1012
596 1124
596 1230
596 1322
737 113
737 821
737 948
821 115
821 469
821 563
821 719
821 987
821 1216
821 1257
821 1493
987 469
987 563
987 719
987 1216
987 1257
987 1493
1069 643
1069 694
1069 1005
1069 1306
1043 108
1043 530
1043 718
1043 1232
1043 1307
1043 1320
1043 1459
1145 436
1145 691
1145 922
1145 926
1145 1307
1145 1395
1145 1509
91 114
91 179
91 281
91 742
91 913
91 1072
91 1465
91 1554
114 281
114 1425
114 1465
179 281
179 467
179 488
179 517
179 721
179 801
179 1072
179 1465
179 1554
281 742
281 913
281 1425
281 1465
281 1554
742 868
742 913
742 1425
913 868
913 1072
913 1425
913 1554
1072 97
1072 256
1072 652
1072 1554
1465 488
1465 517
1465 801
1465 1554
1554 97
1554 256
1554 467
1554 488
1554 517
1554 801
92 523
92 566
92 749
92 997
92 1248
92 1336
92 1469
523 566
523 1248
523 1336
523 1469
566 749
566 997
566 1248
566 1336
749 203
749 339
749 348
749 373
749 453
749 677
749 711
749 997
749 1010
749 1218
749 1248
997 339
997 453
997 677
997 1010
1248 1469
1336 842
1336 1469
93 301
93 382
93 432
93 483
93 844
93 1020
93 1087
93 1104
301 844
301 1104
382 483
382 1087
382 1104
432 355
432 377
432 483
432 716
432 844
432 962
432 1020
432 1023
432 1052
432 1087
432 1104
483 844
483 1020
483 1087
483 1104
844 355
844 716
844 962
844 1020
844 1052
844 1087
844 1104
1020 355
1020 377
1020 716
1020 962
1020 1023
1020 1087
1020 1104
1087 1104
1104 355
1104 716
1104 962
1104 1052
146 147
146 174
146 222
146 419
146 549
146 985
146 1212
146 1299
146 1324
146 1497
147 174
147 222
147 419
147 549
147 889
147 985
147 1212
147 1324
147 1497
147 1578
174 222
174 419
174 549
174 985
174 1212
174 1245
174 1324
174 1497
222 419
222 889
222 985
222 1578
549 419
549 1212
549 1299
549 1324
549 1497
1324 419
1324 985
1324 1212
1324 1299
1324 1497
1497 419
1497 985
1497 1212
1497 1299
95 99
95 136
95 499
95 589
95 695
95 1009
95 1084
95 1109
95 1150
95 1191
95 1241
95 1449
95 1531
99 136
99 252
99 452
99 499
99 589
99 695
99 1009
99 1109
99 1191
99 1241
99 1436
99 1449
99 1553
136 252
136 452
136 499
136 589
136 695
136 827
136 1065
136 1109
136 1191
136 1241
136 1436
136 1449
136 1553
499 252
499 695
499 1009
499 1109
499 1191
499 1241
499 1449
499 1553
589 238
589 333
589 452
589 474
589 571
589 899
589 1150
589 1191
589 1244
589 1334
589 1436
589 1531
695 252
695 1109
695 1241
695 1328
695 1449
695 1553
1009 1084
1009 1150
1009 1191
1009 1531
1084 1150
1084 1191
1084 1226
1084 1531
1109 252
1109 1065
1109 1241
1109 1436
1109 1449
1109 1553
1150 1191
1150 1531
1191 1531
1241 252
1241 1328
1241 1449
1449 252
1449 1436
1449 1553
1531 238
610 584
610 1085
610 1200
610 1240
610 1423
610 1484
1200 1240
1240 531
1240 745
1240 1153
1240 1521
97 256
97 467
97 517
97 652
97 721
97 1328
256 652
467 488
467 517
467 721
467 801
467 1358
517 488
517 721
517 801
517 1358
721 801
721 1328
98 186
98 246
98 417
98 490
98 720
98 925
98 945
98 1149
98 1267
98 1331
186 153
186 246
186 329
186 614
186 903
186 925
186 945
186 1149
186 1331
186 1431
246 153
246 267
246 614
246 796
246 931
246 945
246 956
246 1149
246 1331
246 1431
417 144
417 490
417 720
417 945
417 1149
417 1201
417 1267
490 144
490 720
490 925
490 945
490 1149
490 1201
490 1267
720 144
720 880
720 945
720 1201
720 1267
925 329
925 934
925 945
925 1149
925 1267
925 1331
945 144
945 796
945 1149
945 1267
945 1331
1149 329
1149 1267
1149 1331
1267 144
1267 1201
1331 153
1331 267
1331 329
1331 614
1331 931
1331 1431
252 452
252 827
252 1065
252 1436
252 1553
452 170
452 238
452 333
452 474
452 648
452 817
452 827
452 899
452 1065
452 1081
452 1143
452 1436
452 1553
452 1587
1436 170
1436 238
1436 333
1436 474
1436 827
1436 899
1436 1065
1436 1081
1436 1553
1553 333
1553 827
1553 899
1553 1065
100 1243
1243 759
101 723
101 755
101 1228
101 1458
723 755
723 1228
723 1458
755 1089
755 1228
755 1458
1228 1089
1228 1458
1458 1089
102 294
102 328
102 1231
102 1363
102 1384
294 328
294 485
294 567
294 759
294 1384
328 353
328 485
328 759
328 1363
328 1384
1231 110
1231 185
1231 667
1231 1409
1231 1418
1363 353
1363 485
1363 759
1363 1384
1384 353
1384 485
1384 567
1384 759
104 725
104 790
104 831
104 1000
104 1058
104 1178
104 1356
725 476
725 790
725 831
725 1021
725 1058
725 1178
725 1356
790 111
790 384
790 564
790 644
790 831
790 1021
790 1058
790 1178
790 1356
790 1495
831 564
831 644
831 911
831 1021
831 1058
831 1178
831 1356
1000 384
1000 1058
1000 1178
1000 1473
1058 384
1058 644
1058 1178
1058 1356
1058 1495
1178 1356
1356 476
105 193
105 203
105 235
105 258
105 339
105 348
105 422
105 444
105 711
105 1013
105 1111
105 1160
105 1218
105 1481
105 1541
193 207
193 235
193 258
193 422
193 444
193 462
193 951
193 1013
193 1111
193 1481
193 1541
203 258
203 339
203 348
203 373
203 444
203 453
203 677
203 711
203 896
203 951
203 1008
203 1010
203 1013
203 1160
203 1218
203 1268
203 1366
203 1481
235 366
235 422
235 444
235 934
235 939
235 1013
235 1111
235 1347
235 1481
235 1541
258 207
258 373
258 444
258 462
258 711
258 896
258 951
258 1008
258 1013
258 1160
258 1171
258 1268
258 1481
339 348
339 373
339 444
339 453
339 677
339 711
339 896
339 1010
339 1160
339 1218
339 1481
348 373
348 444
348 453
348 677
348 711
348 1010
348 1160
348 1218
348 1481
422 366
422 444
422 934
422 939
422 1111
422 1347
422 1541
444 711
444 951
444 1013
444 1111
444 1160
444 1218
444 1481
444 1541
711 373
711 453
711 677
711 896
711 951
711 1008
711 1010
711 1013
711 1160
711 1218
711 1268
711 1366
711 1481
1013 207
1013 462
1013 896
1013 951
1013 1111
1013 1160
1013 1268
1013 1481
1111 366
1111 934
1111 939
1111 1347
1111 1481
1111 1541
1160 207
1160 373
1160 453
1160 677
1160 896
1160 951
1160 1008
1160 1010
1160 1218
1160 1268
1160 1366
1160 1481
1218 373
1218 453
1218 677
1218 896
1218 1010
1218 1481
1481 207
1481 373
1481 453
1481 462
1481 677
1481 896
1481 951
1481 1010
1481 1268
1481 1541
1541 366
1541 934
1541 939
1541 1347
106 279
106 337
106 655
106 684
106 1161
106 1215
106 1507
106 1522
279 980
279 1161
279 1295
279 1467
337 165
337 291
337 312
337 591
337 655
337 919
337 942
337 1161
337 1215
337 1318
337 1361
337 1507
337 1520
655 486
655 620
655 684
655 919
655 975
655 1188
655 1507
655 1522
684 365
684 620
684 975
684 1057
684 1350
684 1467
684 1507
684 1522
1161 291
1161 819
1161 922
1161 1215
1161 1318
1161 1395
1161 1507
1161 1509
1215 165
1215 291
1215 312
1215 591
1215 819
1215 919
1215 942
1215 1318
1215 1507
1215 1520
1507 486
1507 591
1507 919
1507 942
1507 975
1507 1318
1507 1361
1507 1520
1507 1522
1522 365
1522 620
1522 623
1522 975
1522 1188
1522 1350
107 115
107 158
107 171
107 226
107 389
107 424
107 693
107 948
107 1182
107 1260
107 1348
107 1452
115 158
115 171
115 226
115 424
115 469
115 563
115 693
115 719
115 948
115 1163
115 1216
115 1257
115 1260
115 1262
115 1493
158 171
158 226
158 389
158 424
158 693
158 948
158 1182
158 1260
158 1348
158 1452
171 160
171 226
171 251
171 424
171 469
171 563
171 693
171 719
171 1163
171 1260
171 1262
171 1493
226 424
226 693
226 948
226 1182
226 1260
226 1348
389 674
389 801
389 1182
389 1260
389 1358
389 1452
424 469
424 693
424 948
424 1182
424 1260
693 160
693 251
693 469
693 563
693 1163
693 1260
693 1262
693 1493
948 522
948 1348
1182 488
1182 801
1182 1260
1182 1358
1182 1452
1348 522
1348 674
1452 674
1452 801
1452 1358
108 530
108 718
108 1232
108 1320
108 1376
108 1459
530 718
530 1232
530 1320
530 1376
530 1459
718 293
718 487
718 780
718 1232
718 1320
718 1432
718 1459
1232 293
1232 487
1232 752
1232 780
1232 1320
1232 1432
1232 1459
1320 318
1320 487
1320 562
1320 780
1320 1033
1320 1307
1320 1451
1320 1459
1376 190
1376 659
1376 752
1376 797
1376 1196
1376 1432
1459 318
1459 487
1459 780
1459 1451
109 166
109 714
109 918
109 961
109 1053
109 1079
166 714
166 918
166 961
166 1079
714 918
714 961
714 1053
714 1466
918 961
918 1053
918 1079
918 1466
961 1053
961 1079
1053 1466
110 185
110 418
110 650
110 667
110 1409
110 1418
110 1427
185 418
185 650
185 667
185 1409
185 1418
185 1427
418 650
418 667
418 1409
418 1418
418 1427
418 1476
650 667
650 1409
650 1418
650 1427
667 1409
667 1418
667 1427
1409 1418
1409 1427
1418 1427
1427 305
1427 1158
1427 1476
111 198
111 250
111 311
111 533
111 564
111 644
111 703
111 753
111 774
111 1018
111 1068
111 1108
111 1292
111 1495
198 250
198 533
198 564
198 644
198 703
198 753
198 774
198 911
198 1018
198 1068
198 1108
198 1261
198 1482
198 1496
250 311
250 533
250 564
250 644
250 703
250 753
250 774
250 911
250 1018
250 1068
250 1108
250 1261
250 1292
250 1482
311 533
311 644
311 703
311 878
311 1063
311 1068
311 1183
311 1292
311 1333
311 1471
311 1495
533 564
533 644
533 703
533 753
533 774
533 924
533 1018
533 1068
533 1108
533 1183
533 1261
533 1292
533 1333
533 1482
533 1496
533 1560
564 644
564 703
564 753
564 911
564 1018
564 1021
564 1068
564 1108
564 1261
644 703
644 753
644 911
644 1021
644 1108
644 1261
644 1292
644 1495
703 753
703 774
703 911
703 1018
703 1068
703 1108
703 1261
703 1292
703 1482
753 774
753 911
753 1018
753 1068
753 1108
753 1261
753 1482
753 1496
774 445
774 924
774 1018
774 1068
774 1108
774 1183
774 1261
774 1292
774 1333
774 1482
774 1496
774 1560
1018 924
1018 1068
1018 1108
1018 1261
1018 1292
1018 1333
1018 1482
1018 1496
1018 1560
1068 924
1068 1108
1068 1183
1068 1261
1068 1292
1068 1333
1068 1482
1068 1496
1068 1560
1108 911
1108 1261
1108 1482
1108 1496
1292 878
1292 1183
1292 1333
1292 1471
1292 1495
1495 384
1495 473
1495 878
1495 1063
537 686
537 1166
537 1456
1456 686
113 455
113 1124
113 1322
113 1399
455 150
455 429
455 1012
455 1124
455 1230
455 1322
1124 150
1124 227
1124 287
1124 429
1124 471
1124 478
1124 739
1124 1029
1124 1230
1124 1322
1124 1399
1124 1511
1322 150
1322 429
1322 739
1322 1012
1322 1051
1322 1230
1399 287
1399 429
1399 471
1399 478
1399 754
1399 1029
1399 1511
469 160
469 251
469 563
469 719
469 1163
469 1216
469 1257
469 1262
469 1493
563 160
563 251
563 719
563 1163
563 1216
563 1257
563 1262
563 1493
719 160
719 251
719 1163
719 1216
719 1257
719 1262
719 1493
1163 160
1163 251
1163 1216
1163 1257
1163 1262
1163 1493
1216 160
1216 251
1216 1257
1216 1262
1216 1493
1257 160
1257 251
1257 1262
1257 1493
1262 160
1262 251
1262 1493
1493 160
1493 251
116 157
116 413
116 581
116 1017
116 1070
116 1220
116 1445
157 144
157 413
157 581
157 1201
157 1220
413 581
413 1017
413 1201
413 1220
581 144
581 1201
581 1220
1017 1070
1017 1220
1017 1445
1070 207
1070 850
1070 1008
1070 1171
1070 1268
1070 1311
1070 1445
1220 1445
1445 850
1445 1171
1445 1311
152 305
152 367
152 1211
118 372
118 669
118 676
118 770
118 799
118 1030
118 1093
118 1238
118 1282
118 1361
118 1518
118 1520
372 669
372 676
372 1282
669 676
669 770
669 799
669 1004
669 1030
669 1093
669 1238
669 1282
669 1361
669 1520
676 770
676 799
676 1004
676 1030
676 1093
676 1238
676 1282
770 799
770 919
770 1004
770 1030
770 1093
770 1238
770 1282
770 1361
770 1520
799 919
799 1030
799 1093
799 1238
799 1282
799 1361
799 1518
799 1520
1030 722
1030 1004
1030 1093
1030 1238
1030 1282
1030 1361
1030 1520
1093 722
1093 919
1093 1004
1093 1238
1093 1282
1093 1520
1238 919
1238 1004
1238 1282
1238 1361
1238 1520
1282 1004
1361 464
1361 486
1361 919
1361 975
1361 1188
1361 1203
1361 1520
1518 464
1518 548
1518 1203
1520 486
1520 591
1520 919
1520 942
119 201
119 579
119 860
119 1281
119 1299
119 1364
201 579
201 860
201 1281
201 1299
201 1364
579 860
579 1281
579 1299
579 1364
860 302
860 726
860 876
860 1281
860 1364
1281 726
1281 876
1281 1364
1299 1212
1299 1364
704 343
704 637
704 740
704 751
1502 145
1502 228
1502 308
1502 520
1502 740
1502 751
1502 971
1245 419
1245 985
1245 1212
473 384
473 539
473 878
473 1063
473 1219
473 1473
1063 384
1063 539
1063 878
1063 1219
1219 384
1219 539
1219 878
261 323
261 506
261 518
261 738
261 886
261 1092
261 1122
261 1419
518 229
518 323
518 506
518 738
518 886
518 1122
518 1419
886 229
886 323
886 506
886 738
886 1122
886 1419
1122 229
1122 323
1122 738
1122 1419
1419 229
1419 323
1419 506
1419 738
124 145
124 228
124 491
124 545
124 740
124 852
124 982
124 1003
124 1337
124 1370
124 1506
124 1568
145 228
145 308
145 343
145 491
145 520
145 637
145 740
145 751
145 852
145 982
145 1337
145 1370
145 1506
228 308
228 343
228 491
228 520
228 740
228 751
228 852
228 982
228 1337
228 1370
491 545
491 740
491 852
491 982
491 1003
491 1337
491 1370
491 1506
491 1568
545 202
545 852
545 871
545 982
545 993
545 1003
545 1337
545 1370
545 1506
545 1568
740 343
740 520
740 637
740 751
740 1506
852 202
852 982
852 1003
852 1337
852 1370
852 1506
852 1568
982 1003
982 1337
982 1370
1003 202
1003 871
1003 993
1003 1337
1003 1370
1003 1506
1003 1568
1337 308
1337 520
1337 1370
1370 1506
1370 1568
1506 202
1506 343
1506 871
1506 1568
1568 202
1568 871
1568 993
126 248
126 383
126 789
126 970
126 1569
248 231
248 247
248 383
248 460
248 743
248 789
248 858
248 970
248 1148
248 1569
383 789
383 858
383 970
789 970
970 231
970 858
1569 175
1569 231
1569 274
1569 460
1569 743
1569 805
1569 1148
443 130
443 476
443 689
443 955
443 1323
443 1402
443 1574
476 130
476 673
476 955
476 1393
476 1402
476 1503
1402 130
1402 142
1402 689
1402 1102
1402 1323
1402 1574
479 542
479 583
479 587
479 1061
479 1118
1118 270
1118 398
1118 542
1118 583
1118 587
1118 1151
1118 1175
129 223
129 278
129 293
129 606
129 752
129 883
129 1432
129 1464
223 196
223 227
223 364
223 606
223 861
223 973
223 1054
223 1134
223 1255
223 1464
223 1536
278 190
278 230
278 659
278 752
278 797
278 818
278 883
278 1196
278 1432
293 451
293 482
293 487
293 685
293 696
293 780
293 824
293 1038
293 1222
293 1432
606 364
606 973
606 1255
606 1464
752 190
752 659
752 797
752 883
752 1196
752 1432
883 190
883 230
883 402
883 477
883 659
883 797
883 818
883 955
883 1323
883 1574
1432 190
1432 659
1432 797
1432 1196
1464 230
1464 364
1464 973
1464 1586
130 402
130 477
130 689
130 818
130 955
130 1323
130 1393
130 1503
130 1574
130 1585
402 230
402 477
402 689
402 818
402 955
402 1323
402 1393
402 1503
402 1574
402 1585
477 142
477 190
477 659
477 689
477 797
477 818
477 955
477 1196
477 1323
477 1574
689 142
689 818
689 955
689 1102
689 1323
689 1393
689 1503
689 1574
818 142
818 190
818 230
818 659
818 797
818 955
818 1196
818 1323
818 1574
955 230
955 673
955 1323
955 1393
955 1503
955 1574
955 1585
1323 142
1323 190
1323 230
1323 1102
1323 1574
1393 230
1393 673
1393 911
1393 1021
1393 1503
1393 1574
1393 1585
1393 1586
1503 230
1503 673
1503 911
1503 1021
1503 1574
1503 1585
1503 1586
1574 142
1574 230
1585 230
1585 673
1585 911
1585 1021
1585 1586
505 387
505 509
505 541
505 794
505 995
505 1061
505 1308
505 1343
509 387
509 794
509 995
509 1061
509 1343
1061 387
1061 587
1061 995
1061 1343
305 367
305 1158
305 1211
305 1341
305 1476
1341 1094
1341 1476
175 274
175 388
175 460
175 463
175 743
175 805
175 1148
463 274
463 388
463 805
805 274
805 388
805 743
805 1148
827 170
827 333
827 474
827 648
827 817
827 899
827 1065
827 1081
827 1143
827 1587
1065 170
1065 333
1065 899
1065 1081
138 539
138 642
138 681
138 705
138 783
138 856
138 897
138 1099
138 1132
138 1266
138 1335
138 1471
138 1512
539 783
539 878
642 601
642 681
642 705
642 856
642 897
642 1099
642 1132
642 1183
642 1333
642 1335
642 1471
642 1512
681 705
681 783
681 856
681 897
681 1099
681 1132
681 1183
681 1266
681 1335
681 1471
681 1512
705 783
705 856
705 897
705 1099
705 1266
705 1335
705 1471
705 1512
783 856
783 878
783 1471
856 897
856 1099
856 1132
856 1266
856 1335
856 1471
856 1512
897 445
897 601
897 924
897 1099
897 1132
897 1183
897 1333
897 1335
897 1471
897 1512
1099 445
1099 601
1099 1132
1099 1183
1099 1333
1099 1335
1099 1471
1099 1512
1132 601
1132 878
1132 924
1132 1183
1132 1333
1132 1471
1132 1512
1266 1335
1335 1512
1471 601
1471 878
1471 924
1471 1183
1471 1333
1471 1512
1512 601
1512 1183
1512 1333
308 361
308 520
308 751
308 971
361 971
520 751
520 971
751 343
751 637
141 202
141 871
141 927
141 993
141 1032
202 871
202 927
202 993
871 927
871 993
927 993
1032 527
1032 595
1032 607
1032 1372
142 280
142 470
142 692
142 744
142 1102
142 1115
142 1567
280 470
280 543
280 692
280 744
280 750
280 891
280 900
280 1044
280 1045
280 1060
280 1102
280 1115
280 1276
280 1351
280 1567
470 692
470 744
470 900
470 1102
470 1115
470 1567
692 744
692 750
692 900
692 1102
692 1115
692 1567
744 891
744 900
744 1102
744 1115
744 1567
1102 543
1102 750
1102 1060
1102 1115
1102 1567
1115 543
1115 750
1115 891
1115 900
1115 1044
1115 1045
1115 1060
1115 1276
1115 1351
1115 1567
1567 543
1567 750
1567 891
1567 900
1567 1045
1567 1351
274 388
274 460
274 743
274 1148
388 743
388 1148
144 1201
343 637
419 985
419 1212
419 1578
985 889
985 1212
985 1578
889 1578
371 822
371 1082
149 354
149 416
149 864
149 880
149 953
149 956
149 1096
149 1557
354 267
354 796
354 864
354 880
354 953
354 956
354 1096
416 626
416 953
416 1447
864 267
864 796
864 880
864 953
864 956
864 1096
864 1557
880 796
880 953
880 956
953 1135
953 1396
956 267
956 796
956 931
956 1034
956 1557
1096 986
1096 1276
1096 1319
1096 1557
1557 986
1557 1034
1557 1044
1557 1276
1557 1319
1557 1351
150 208
150 227
150 287
150 429
150 582
150 734
150 739
150 1012
150 1029
150 1051
150 1230
150 1290
150 1511
208 565
208 568
208 582
208 734
208 739
208 862
208 1012
208 1051
208 1131
208 1222
208 1230
208 1290
208 1443
208 1583
227 196
227 287
227 429
227 471
227 478
227 568
227 734
227 739
227 824
227 861
227 1029
227 1054
227 1255
227 1290
227 1511
227 1536
287 196
287 429
287 471
287 478
287 739
287 1029
287 1054
287 1134
287 1255
287 1511
287 1536
429 478
429 734
429 739
429 1012
429 1029
429 1051
429 1230
429 1290
429 1511
582 565
582 734
582 739
582 862
582 1012
582 1051
582 1127
582 1131
582 1230
582 1290
582 1443
734 482
734 565
734 568
734 739
734 824
734 862
734 1038
734 1051
734 1222
734 1230
734 1290
734 1443
734 1583
739 196
739 482
739 568
739 824
739 861
739 862
739 1038
739 1051
739 1230
739 1290
739 1511
1012 647
1012 1051
1012 1127
1012 1230
1029 471
1029 478
1029 754
1029 1511
1029 1536
1051 862
1051 1127
1051 1230
1051 1290
1051 1443
1230 647
1230 1290
1290 482
1290 565
1290 568
1290 824
1290 861
1290 862
1290 1038
1290 1222
1290 1443
1511 196
1511 471
1511 478
1511 1054
1511 1134
1511 1255
1511 1536
151 213
151 263
151 1062
213 370
213 1062
213 1180
213 1214
213 1480
263 1062
263 1180
263 1442
1062 1180
1062 1214
367 1158
367 1211
1211 1158
153 614
153 931
153 1431
614 931
614 1431
931 267
931 796
931 840
931 1034
931 1431
1431 267
1431 796
647 541
647 605
647 775
647 1127
647 1406
775 605
775 686
775 1166
775 1406
1406 541
1406 605
1406 686
1406 1127
1406 1166
1142 668
1142 736
1142 1279
1279 668
1279 736
612 698
612 741
612 833
612 838
612 1314
612 1450
612 1485
698 741
698 833
698 838
698 972
698 1314
698 1450
698 1485
741 822
741 838
741 1314
741 1450
741 1485
822 1082
822 1314
972 833
972 1314
972 1450
1314 1450
1450 833
1450 838
1450 1485
160 251
161 268
161 940
161 967
161 1026
161 1101
161 1154
161 1405
268 691
268 926
268 940
268 967
268 1026
268 1033
268 1101
268 1307
268 1405
940 436
940 691
940 926
940 967
940 1026
940 1033
940 1101
940 1307
940 1405
967 691
967 926
967 1026
967 1101
967 1405
1026 1101
1026 1154
1026 1405
1101 1405
1154 323
1154 434
1154 506
1154 881
1154 1116
1405 691
1405 926
1405 1033
1405 1307
162 329
162 366
162 529
162 903
162 934
162 939
162 1347
329 366
329 903
329 934
366 903
366 934
366 939
366 1347
529 903
903 934
903 939
903 1347
934 939
934 1347
939 1347
631 341
631 585
631 1039
631 1525
631 1543
1525 341
1525 816
1525 1039
1525 1543
165 291
165 312
165 591
165 819
165 942
165 1140
165 1318
291 312
291 591
291 819
291 942
291 1140
291 1318
291 1395
312 591
312 819
312 942
312 1140
312 1318
591 819
591 919
591 942
591 1318
819 436
819 922
819 926
819 942
819 1140
819 1318
819 1395
819 1509
942 919
942 1318
1140 436
1140 922
1140 926
1140 1395
1140 1509
1318 919
168 376
168 446
168 480
168 504
168 989
168 1242
168 1491
168 1572
376 480
376 504
376 989
376 1242
376 1491
376 1572
446 300
446 573
446 678
446 989
446 1235
446 1242
446 1491
504 989
504 1242
504 1491
504 1572
989 573
989 1242
989 1491
989 1572
1242 1491
1242 1572
1491 573
1491 1572
169 791
169 834
169 1128
169 1164
169 1394
791 735
791 834
791 893
791 1133
791 1164
791 1386
791 1394
834 735
834 907
834 958
834 1007
834 1133
834 1164
834 1386
834 1394
1128 658
1128 907
1128 1007
1128 1375
1164 526
1164 893
1164 1123
1164 1386
1164 1394
1394 884
1394 893
1394 1123
1394 1133
1394 1386
170 238
170 333
170 474
170 593
170 648
170 817
170 899
170 1049
170 1081
170 1143
170 1587
238 272
238 333
238 362
238 474
238 571
238 899
238 1143
238 1244
238 1334
333 474
333 648
333 817
333 899
333 1081
333 1143
333 1587
474 272
474 362
474 571
474 648
474 817
474 899
474 1081
474 1143
474 1244
474 1334
474 1587
593 358
593 575
593 648
593 817
593 937
593 1049
593 1074
593 1081
593 1143
593 1207
593 1272
593 1416
593 1587
648 817
648 899
648 937
648 1049
648 1081
648 1143
648 1207
648 1416
648 1587
817 899
817 937
817 1049
817 1081
817 1143
817 1207
817 1416
817 1587
899 1081
899 1143
899 1587
1049 855
1049 937
1049 960
1049 1074
1049 1081
1049 1143
1049 1207
1049 1416
1049 1587
1081 937
1081 1143
1081 1587
1143 1587
1587 575
1587 937
1587 1074
1587 1207
1587 1416
172 373
172 453
172 456
172 683
172 850
172 896
172 930
172 1008
172 1171
172 1268
172 1311
172 1366
172 1426
373 453
373 677
373 896
373 930
373 1008
373 1010
373 1268
373 1366
453 677
453 896
453 930
453 1008
453 1010
453 1268
453 1366
456 683
456 930
456 1426
683 930
683 1366
683 1426
850 207
850 896
850 930
850 1008
850 1171
850 1268
850 1311
850 1366
850 1426
896 207
896 677
896 930
896 951
896 1008
896 1010
896 1171
896 1268
896 1311
896 1366
930 1008
930 1171
930 1268
930 1311
930 1366
930 1426
1008 207
1008 951
1008 1171
1008 1268
1008 1311
1008 1366
1171 207
1171 951
1171 1268
1171 1311
1171 1366
1268 207
1268 677
1268 951
1268 1010
1268 1311
1268 1366
1311 1366
1311 1426
1366 677
1366 1010
1366 1426
173 427
173 904
173 1283
173 1303
173 1360
427 848
427 904
427 1283
427 1360
904 848
904 960
904 1283
1283 575
1283 848
1283 960
1283 1074
1283 1207
1283 1303
1283 1416
1283 1460
1303 282
1303 358
1303 397
1303 423
1303 575
1303 847
1303 988
1303 1460
460 231
460 247
460 607
460 743
460 858
460 1148
460 1372
743 231
743 247
743 607
743 1148
743 1372
1148 231
370 1180
370 1214
370 1480
1214 1180
1214 1480
1480 1180
902 1225
902 1300
902 1411
1225 1300
1225 1411
1300 341
1300 1411
1300 1543
488 801
801 1358
180 297
180 475
180 1092
180 1116
180 1310
297 475
297 1092
297 1298
297 1310
475 434
475 492
475 546
475 867
475 881
475 1116
475 1298
1092 323
1092 506
1092 1116
1092 1310
1116 434
1116 546
1116 867
1116 881
800 1056
1037 1537
302 552
302 726
302 876
302 1514
552 726
552 876
552 1514
1514 726
1514 876
626 1170
626 1447
626 1501
1501 795
1501 1135
1501 1170
1501 1396
1501 1447
190 230
190 659
190 797
190 1196
230 659
230 1586
659 797
659 1196
797 1196
527 595
527 607
527 1372
207 462
207 951
462 951
195 624
195 668
195 736
195 843
195 1472
624 668
624 736
624 843
624 1472
668 736
668 843
668 1472
736 843
736 1192
736 1472
843 1472
1472 1192
196 471
196 478
196 568
196 824
196 861
196 973
196 1054
196 1134
196 1255
196 1536
471 478
471 754
471 1054
471 1134
471 1255
471 1536
478 754
478 1054
478 1134
478 1255
478 1536
568 482
568 565
568 685
568 696
568 824
568 861
568 862
568 1038
568 1222
568 1443
824 482
824 565
824 685
824 696
824 861
824 862
824 1038
824 1222
824 1443
861 482
861 1038
861 1222
861 1536
973 364
973 1054
973 1134
973 1255
973 1536
1054 364
1054 1134
1054 1255
1054 1536
1134 364
1134 754
1134 1255
1134 1536
1255 364
1255 1536
1536 364
1536 754
911 673
911 1021
911 1261
911 1586
1261 733
1261 1482
1261 1496
1482 445
1482 924
1482 1183
1482 1333
1482 1496
1482 1560
1496 733
1496 924
1496 1560
677 1010
269 313
269 322
269 324
269 810
269 816
269 1039
269 1121
269 1463
322 313
322 324
322 810
322 816
322 1121
322 1463
324 747
324 782
324 1121
324 1532
324 1539
747 457
747 782
747 1041
747 1121
747 1280
747 1338
747 1532
747 1539
1039 313
1039 585
1039 810
1039 816
1039 1463
1121 782
1121 1532
1121 1539
1412 906
565 431
565 451
565 482
565 685
565 696
565 862
565 944
565 1038
565 1131
565 1222
565 1443
565 1583
862 482
862 944
862 1038
862 1131
862 1222
862 1443
862 1583
1131 233
1131 357
1131 431
1131 451
1131 685
1131 696
1131 794
1131 944
1131 995
1131 1222
1131 1308
1131 1443
1131 1492
1131 1583
1222 431
1222 451
1222 482
1222 685
1222 696
1222 944
1222 1038
1222 1443
1222 1583
1443 482
1443 685
1443 944
1443 1038
1443 1583
1583 233
1583 357
1583 431
1583 451
1583 482
1583 685
1583 696
1583 944
1583 1038
1583 1492
1473 384
300 510
300 573
300 623
300 678
300 921
300 1024
300 1090
300 1235
300 1339
300 1350
300 1397
300 1439
510 548
510 678
510 1090
510 1235
510 1439
573 678
573 1235
573 1339
573 1439
678 1090
678 1235
678 1339
678 1397
678 1439
1235 1339
1235 1439
1339 365
1339 623
1339 921
1339 1024
1339 1090
1339 1313
1339 1350
1339 1397
1339 1439
1439 365
1439 548
1439 623
1439 921
1439 1024
1439 1090
1439 1397
605 686
605 1166
686 1166
364 733
1019 1229
1019 1250
229 707
229 738
229 917
707 332
707 378
707 811
707 841
707 917
738 323
738 506
917 332
917 378
917 811
917 841
1586 673
231 247
231 858
231 1372
247 607
247 858
247 1372
1372 607
838 657
838 833
838 1107
838 1291
838 1485
1291 657
1291 1001
1291 1107
1291 1256
1291 1485
1485 657
1485 833
1485 1001
1485 1107
1485 1256
233 325
233 357
233 387
233 541
233 794
233 870
233 944
233 995
233 1127
233 1308
325 357
325 387
325 794
325 870
325 995
325 1308
325 1343
325 1492
357 387
357 794
357 870
357 944
357 995
357 1308
357 1492
387 541
387 794
387 870
387 995
387 1127
387 1308
387 1343
541 794
541 995
541 1127
541 1308
794 870
794 944
794 995
794 1308
794 1343
870 995
870 1308
870 1343
870 1492
944 431
944 451
944 685
944 696
944 1308
944 1492
995 1308
995 1343
1127 1308
1308 1343
502 709
502 868
502 1147
502 1173
502 1259
868 709
868 1147
1147 709
1147 1173
1147 1259
272 362
272 571
272 1244
272 1272
272 1334
362 571
362 1244
362 1272
362 1334
571 1244
571 1272
571 1334
1244 1334
548 464
548 921
548 1090
548 1203
1203 365
1203 464
1203 486
1203 921
1203 975
1203 1090
1203 1188
436 691
436 922
436 926
436 1307
436 1395
436 1509
1509 691
1509 922
1509 926
1509 1395
267 796
267 840
267 1034
796 1034
334 595
260 1274
323 506
1442 440
1442 442
1442 461
1442 556
1442 1094
841 332
841 378
841 722
841 811
840 1034
1034 986
691 922
691 926
691 1033
691 1307
926 922
926 1033
926 1307
1033 318
1033 562
1033 1307
1033 1451
1307 318
313 585
313 810
313 816
313 1463
810 585
810 816
810 1463
816 585
816 1463
1463 585
270 398
270 492
270 542
270 583
270 587
270 1151
270 1175
270 1298
398 492
398 542
398 583
398 587
398 1151
398 1175
398 1298
492 542
492 546
492 587
492 867
492 1151
492 1175
492 1298
542 583
542 587
542 1151
542 1175
542 1298
583 587
583 1151
583 1175
587 1151
587 1175
587 1343
1151 1175
1151 1298
1175 1298
1298 546
1298 867
1528 522
1528 674
1272 358
1272 397
1272 423
1272 575
1272 988
1272 1460
980 1295
980 1467
1295 1467
543 750
543 891
543 900
543 1044
543 1045
543 1060
543 1276
543 1319
543 1351
750 891
750 900
750 1044
750 1045
750 1060
750 1276
750 1319
750 1351
891 900
891 1044
891 1045
891 1060
891 1351
900 1044
900 1045
900 1060
900 1276
900 1351
1044 986
1044 1045
1044 1060
1044 1276
1044 1319
1044 1351
1045 986
1045 1060
1045 1276
1045 1319
1045 1351
1060 1276
1060 1319
1060 1351
1276 986
1276 1319
1276 1351
1351 986
1351 1319
282 397
282 423
282 847
282 957
282 969
282 988
282 1460
397 358
397 423
397 847
397 957
397 969
397 988
397 1460
423 358
423 847
423 957
423 969
423 988
423 1460
847 957
847 969
847 988
847 1460
957 969
988 358
988 575
988 1460
1460 358
1460 575
795 1170
795 1396
1170 1135
1170 1396
735 658
735 906
735 907
735 958
735 1007
735 1133
906 907
906 958
906 1007
906 1584
958 907
958 1007
958 1133
356 457
356 782
356 983
356 1041
356 1280
356 1338
356 1539
457 782
457 983
457 1041
457 1280
457 1338
457 1532
457 1539
983 782
983 1041
983 1280
983 1338
983 1539
1041 782
1041 1280
1041 1338
1041 1539
1395 922
332 338
332 378
332 489
332 722
332 811
332 966
332 1014
332 1453
378 338
378 489
378 662
378 722
378 811
378 966
378 1014
378 1453
526 662
526 785
526 865
526 884
526 893
526 966
526 1123
526 1386
526 1453
662 338
662 489
662 785
662 811
662 865
662 884
662 966
662 1014
662 1155
662 1453
785 865
785 884
785 966
785 1014
785 1133
785 1155
785 1386
785 1453
811 338
811 489
811 722
811 966
811 1014
811 1155
811 1453
966 338
966 489
966 865
966 884
966 1014
966 1155
966 1453
1014 338
1014 489
1014 722
1014 1004
1014 1155
1014 1453
1453 338
1453 489
1453 865
1453 884
1453 1155
451 431
451 482
451 487
451 685
451 696
451 780
451 1038
482 685
482 696
482 1038
487 318
487 431
487 562
487 685
487 696
487 780
487 1451
685 431
685 696
685 780
685 1038
696 431
696 780
696 1038
780 318
780 431
780 562
780 1451
1038 431
485 353
485 567
485 759
567 759
759 353
1229 1250
623 365
623 464
623 620
623 921
623 975
623 1024
623 1057
623 1090
623 1188
623 1313
623 1350
623 1397
921 365
921 464
921 486
921 620
921 975
921 1024
921 1090
921 1188
921 1350
921 1397
1024 365
1024 464
1024 620
1024 975
1024 1057
1024 1090
1024 1313
1024 1350
1024 1397
1090 365
1090 464
1090 1188
1090 1350
1090 1397
1350 365
1350 620
1350 975
1350 1057
1350 1188
1350 1313
1350 1397
1397 365
1397 620
1397 1313
726 876
1476 442
1476 461
1476 1094
878 1183
1183 601
1183 924
1183 1333
1183 1560
1333 445
1333 601
1333 924
1333 1560
1358 674
318 562
318 1451
562 1451
562 1492
1451 431
1451 1492
782 1280
782 1338
782 1532
782 1539
1539 1280
1539 1338
1492 431
331 381
331 1114
331 1159
331 1344
381 440
381 556
381 1159
381 1287
381 1344
1114 1159
1159 440
1159 556
1159 1287
1159 1344
1344 1287
338 489
338 722
338 1004
338 1155
489 722
489 1004
489 1155
722 1004
919 486
919 1188
1004 1155
1155 865
341 1543
1306 643
1306 1005
865 884
865 1133
865 1386
884 1133
884 1386
1133 1386
355 377
355 716
355 962
355 1023
355 1052
377 716
377 962
377 1023
716 962
716 1023
716 1052
962 1023
962 1052
1280 1338
358 575
358 1416
575 937
575 960
575 1074
575 1207
575 1416
1416 937
1416 960
1416 1074
1416 1207
365 464
365 620
365 975
365 1057
365 1188
365 1313
464 486
464 620
464 975
464 1188
620 486
620 975
620 1057
620 1188
620 1313
975 486
975 1188
1057 1050
1057 1313
1188 486
440 442
440 461
440 556
440 1094
440 1287
556 442
556 461
556 1287
1287 442
1287 461
1287 1094
674 522
848 960
848 1074
848 1207
848 1540
428 764
434 546
434 867
434 881
546 867
546 881
867 881
442 461
442 1094
461 1094
445 601
445 924
445 1560
601 924
924 1560
673 1021
496 772
496 1584
772 658
772 907
772 1007
772 1375
772 1584
1584 658
1584 907
1584 1007
709 1173
709 1259
709 1478
1173 1193
1173 1259
1173 1478
1259 1478
507 803
507 1153
507 1374
507 1521
803 745
803 857
803 1153
803 1374
1153 531
1153 745
1153 857
1153 1195
1153 1374
1153 1521
1374 745
1374 1521
1521 1085
515 815
815 1089
893 1123
893 1386
1123 1386
531 745
531 857
531 1195
745 857
745 1195
857 1195
1319 986
937 855
937 960
937 1074
937 1207
937 1540
960 1074
960 1207
960 1540
1074 855
1074 1207
1074 1540
1207 855
1207 1540
584 1071
584 1085
584 1423
584 1484
1071 1204
1071 1423
1071 1484
1071 1527
1085 1423
1085 1484
1423 1484
594 1050
833 657
1478 1193
643 694
643 1005
694 1005
657 1001
657 1107
657 1256
1001 1107
1001 1256
1107 1256
658 907
658 1007
658 1375
907 1007
907 1375
1007 1375
699 1254
1204 1527
1396 1135
1540 855
1540 1193
855 1193
