0 1
0 2
0 3
0 4
0 6
0 7
0 11
0 12
0 15
0 21
0 25
0 28
0 36
0 41
0 45
0 46
0 53
0 56
0 62
0 97
0 98
0 123
0 124
0 127
0 130
0 146
0 148
0 151
0 166
0 171
0 241
0 244
0 267
0 283
0 285
0 292
0 333
0 334
0 340
0 369
0 371
0 380
0 384
0 386
0 388
0 418
0 420
0 427
0 439
0 447
0 464
0 493
0 500
0 530
0 534
0 603
0 619
0 627
0 650
0 661
0 687
0 841
0 844
0 846
0 861
0 880
0 896
0 903
0 915
0 928
0 961
0 985
0 986
0 1003
0 1009
0 1037
0 1038
0 1047
0 1065
0 1094
0 1112
0 1124
0 1170
0 1184
0 1214
0 1256
0 1281
0 1305
0 1324
0 1325
0 1332
0 1415
0 1465
0 1476
0 1493
0 1497
0 1498
0 1542
1 2
1 3
1 4
1 5
1 6
1 9
1 18
1 24
1 55
1 67
1 117
1 138
1 155
1 225
1 266
1 293
1 308
1 336
1 379
1 395
1 437
1 448
1 449
1 524
1 528
1 548
1 659
1 666
1 707
1 723
1 818
1 868
1 975
1 1017
1 1021
1 1270
1 1344
1 1345
1 1355
1 1360
1 1499
1 1519
2 3
2 4
2 5
2 8
2 10
2 12
2 18
2 20
2 21
2 22
2 24
2 27
2 28
2 46
2 50
2 52
2 66
2 79
2 85
2 87
2 88
2 90
2 93
2 95
2 97
2 102
2 114
2 119
2 120
2 126
2 130
2 136
2 137
2 142
2 145
2 151
2 184
2 188
2 210
2 216
2 218
2 221
2 227
2 230
2 231
2 265
2 268
2 274
2 284
2 294
2 297
2 300
2 321
2 332
2 343
2 370
2 377
2 406
2 408
2 438
2 441
2 449
2 473
2 507
2 515
2 516
2 541
2 550
2 556
2 557
2 568
2 573
2 576
2 581
2 589
2 601
2 603
2 628
2 635
2 649
2 656
2 664
2 679
2 684
2 725
2 751
2 786
2 789
2 797
2 808
2 841
2 843
2 846
2 857
2 874
2 879
2 922
2 923
2 947
2 961
2 1025
2 1028
2 1044
2 1062
2 1076
2 1077
2 1095
2 1119
2 1143
2 1145
2 1161
2 1203
2 1225
2 1251
2 1279
2 1284
2 1318
2 1351
2 1438
2 1466
2 1503
2 1530
2 1541
2 1544
2 1547
2 1550
2 1554
2 1562
2 1568
2 1570
2 1576
3 4
3 5
3 7
3 8
3 9
3 10
3 11
3 12
3 14
3 15
3 16
3 20
3 25
3 26
3 28
3 29
3 30
3 35
3 39
3 41
3 44
3 54
3 63
3 67
3 72
3 77
3 82
3 85
3 86
3 90
3 94
3 96
3 106
3 108
3 111
3 116
3 119
3 120
3 122
3 133
3 141
3 142
3 144
3 147
3 153
3 155
3 161
3 170
3 173
3 177
3 179
3 186
3 190
3 191
3 194
3 200
3 203
3 225
3 231
3 232
3 236
3 247
3 249
3 251
3 260
3 265
3 291
3 306
3 313
3 316
3 318
3 325
3 342
3 343
3 345
3 348
3 351
3 357
3 365
3 384
3 392
3 399
3 404
3 413
3 414
3 419
3 437
3 441
3 470
3 473
3 474
3 488
3 498
3 552
3 562
3 577
3 601
3 613
3 615
3 616
3 635
3 641
3 642
3 643
3 658
3 667
3 673
3 676
3 683
3 723
3 727
3 737
3 765
3 779
3 784
3 793
3 809
3 830
3 844
3 907
3 917
3 925
3 926
3 930
3 941
3 942
3 944
3 976
3 990
3 1049
3 1067
3 1072
3 1073
3 1074
3 1116
3 1134
3 1146
3 1177
3 1182
3 1201
3 1235
3 1247
3 1264
3 1271
3 1289
3 1320
3 1342
3 1352
3 1374
3 1377
3 1429
3 1493
3 1519
3 1522
3 1526
3 1528
3 1546
3 1559
3 1575
4 5
4 6
4 7
4 10
4 13
4 16
4 24
4 25
4 26
4 28
4 29
4 31
4 35
4 38
4 40
4 45
4 49
4 51
4 52
4 54
4 56
4 58
4 62
4 74
4 75
4 79
4 85
4 91
4 92
4 95
4 97
4 99
4 102
4 118
4 119
4 122
4 147
4 150
4 152
4 163
4 164
4 167
4 173
4 174
4 177
4 181
4 185
4 193
4 204
4 223
4 228
4 238
4 247
4 249
4 250
4 257
4 258
4 260
4 303
4 307
4 312
4 327
4 330
4 333
4 341
4 355
4 366
4 374
4 376
4 377
4 384
4 393
4 395
4 400
4 415
4 422
4 434
4 439
4 442
4 455
4 467
4 487
4 496
4 511
4 514
4 517
4 527
4 531
4 540
4 552
4 554
4 559
4 562
4 583
4 594
4 597
4 610
4 628
4 631
4 641
4 683
4 697
4 726
4 739
4 806
4 814
4 829
4 833
4 857
4 877
4 902
4 905
4 912
4 915
4 924
4 939
4 946
4 974
4 988
4 1008
4 1014
4 1016
4 1070
4 1095
4 1107
4 1113
4 1116
4 1120
4 1123
4 1153
4 1164
4 1187
4 1231
4 1260
4 1292
4 1320
4 1322
4 1330
4 1343
4 1376
4 1393
4 1403
4 1421
4 1429
4 1513
4 1518
4 1529
4 1542
4 1553
4 1557
4 1578
4 1583
5 6
5 9
5 15
5 17
5 22
5 26
5 30
5 31
5 35
5 40
5 44
5 98
5 113
5 121
5 133
5 167
5 194
5 207
5 212
5 226
5 243
5 247
5 268
5 273
5 327
5 350
5 353
5 397
5 445
5 532
5 575
5 585
5 587
5 614
5 688
5 701
5 836
5 838
5 850
5 864
5 1023
5 1035
5 1047
5 1059
5 1101
5 1122
5 1207
5 1291
5 1299
5 1303
5 1457
5 1587
6 7
6 9
6 13
6 15
6 18
6 19
6 20
6 21
6 22
6 23
6 27
6 29
6 32
6 34
6 36
6 42
6 49
6 51
6 58
6 71
6 73
6 77
6 78
6 80
6 81
6 88
6 93
6 99
6 105
6 107
6 108
6 113
6 117
6 132
6 146
6 154
6 177
6 185
6 188
6 190
6 193
6 198
6 201
6 241
6 258
6 267
6 268
6 276
6 281
6 286
6 303
6 304
6 345
6 355
6 363
6 369
6 375
6 386
6 405
6 407
6 411
6 417
6 421
6 455
6 462
6 511
6 533
6 562
6 626
6 638
6 665
6 667
6 673
6 691
6 696
6 701
6 704
6 746
6 763
6 797
6 804
6 834
6 871
6 913
6 963
6 973
6 994
6 1011
6 1096
6 1123
6 1126
6 1147
6 1162
6 1187
6 1209
6 1257
6 1354
6 1376
6 1463
6 1497
6 1525
6 1538
7 8
7 9
7 11
7 13
7 14
7 17
7 24
7 31
7 41
7 43
7 47
7 78
7 82
7 91
7 115
7 128
7 130
7 137
7 145
7 157
7 165
7 202
7 207
7 236
7 238
7 242
7 280
7 290
7 309
7 312
7 319
7 334
7 347
7 351
7 368
7 390
7 411
7 416
7 443
7 445
7 461
7 513
7 544
7 554
7 559
7 603
7 621
7 624
7 626
7 660
7 677
7 678
7 680
7 692
7 746
7 765
7 775
7 783
7 790
7 801
7 809
7 810
7 826
7 828
7 841
7 914
7 926
7 934
7 945
7 959
7 971
7 982
7 1052
7 1071
7 1088
7 1097
7 1100
7 1133
7 1178
7 1181
7 1183
7 1190
7 1206
7 1254
7 1281
7 1288
7 1303
7 1346
7 1357
7 1420
7 1464
7 1535
7 1560
8 10
8 11
8 12
8 14
8 16
8 17
8 18
8 19
8 22
8 28
8 33
8 46
8 47
8 50
8 60
8 71
8 78
8 83
8 91
8 116
8 121
8 126
8 127
8 128
8 155
8 156
8 164
8 181
8 191
8 206
8 209
8 213
8 216
8 225
8 281
8 284
8 297
8 300
8 301
8 319
8 321
8 328
8 347
8 378
8 396
8 398
8 405
8 420
8 427
8 440
8 465
8 469
8 486
8 509
8 536
8 538
8 595
8 602
8 642
8 651
8 663
8 674
8 708
8 711
8 733
8 773
8 812
8 830
8 842
8 856
8 909
8 911
8 914
8 929
8 962
8 973
8 975
8 1011
8 1051
8 1082
8 1165
8 1185
8 1231
8 1254
8 1261
8 1296
8 1320
8 1344
8 1363
8 1382
8 1399
8 1417
8 1422
8 1423
8 1436
8 1453
9 10
9 13
9 14
9 15
9 16
9 17
9 19
9 20
9 23
9 26
9 27
9 32
9 34
9 38
9 41
9 45
9 49
9 52
9 53
9 57
9 60
9 61
9 62
9 66
9 68
9 71
9 77
9 89
9 95
9 99
9 109
9 111
9 122
9 124
9 126
9 131
9 136
9 148
9 152
9 172
9 176
9 178
9 182
9 187
9 192
9 208
9 210
9 217
9 221
9 227
9 233
9 243
9 245
9 259
9 262
9 263
9 266
9 277
9 302
9 309
9 328
9 332
9 334
9 346
9 360
9 361
9 367
9 379
9 400
9 402
9 409
9 415
9 436
9 445
9 454
9 466
9 468
9 486
9 489
9 508
9 510
9 517
9 533
9 538
9 541
9 589
9 595
9 604
9 613
9 615
9 617
9 640
9 675
9 678
9 689
9 726
9 756
9 785
9 788
9 793
9 806
9 840
9 866
9 873
9 901
9 908
9 951
9 964
9 969
9 978
9 986
9 992
9 1019
9 1044
9 1080
9 1095
9 1108
9 1148
9 1240
9 1246
9 1248
9 1253
9 1258
9 1271
9 1294
9 1321
9 1363
9 1379
9 1403
9 1418
9 1451
9 1456
9 1461
9 1475
9 1501
9 1502
9 1560
9 1565
9 1569
9 1571
10 13
10 18
10 25
10 42
10 65
10 68
10 70
10 101
10 103
10 104
10 107
10 134
10 139
10 140
10 167
10 168
10 186
10 190
10 202
10 205
10 272
10 276
10 285
10 295
10 328
10 331
10 334
10 384
10 433
10 445
10 452
10 475
10 478
10 509
10 533
10 545
10 563
10 586
10 601
10 623
10 629
10 652
10 665
10 753
10 761
10 778
10 799
10 875
10 907
10 922
10 927
10 940
10 941
10 989
10 1173
10 1193
10 1324
10 1325
10 1351
10 1353
10 1370
10 1392
10 1401
10 1411
10 1434
10 1442
10 1450
10 1496
10 1506
11 15
11 16
11 17
11 18
11 27
11 35
11 42
11 46
11 60
11 65
11 69
11 76
11 81
11 87
11 89
11 96
11 100
11 104
11 115
11 117
11 120
11 122
11 129
11 131
11 139
11 172
11 197
11 198
11 212
11 214
11 230
11 239
11 280
11 327
11 330
11 342
11 344
11 346
11 385
11 386
11 413
11 417
11 430
11 438
11 461
11 469
11 475
11 495
11 503
11 508
11 569
11 598
11 601
11 634
11 649
11 662
11 678
11 693
11 796
11 807
11 819
11 854
11 864
11 887
11 895
11 936
11 945
11 947
11 953
11 983
11 999
11 1009
11 1175
11 1181
11 1239
11 1307
11 1316
11 1393
11 1478
11 1486
11 1491
11 1504
11 1523
11 1561
12 19
12 22
12 29
12 30
12 33
12 36
12 37
12 44
12 47
12 50
12 59
12 63
12 69
12 83
12 91
12 100
12 107
12 114
12 142
12 158
12 166
12 174
12 187
12 192
12 242
12 243
12 278
12 280
12 281
12 308
12 310
12 332
12 367
12 375
12 415
12 479
12 489
12 520
12 525
12 537
12 555
12 573
12 578
12 581
12 599
12 611
12 656
12 659
12 718
12 740
12 752
12 777
12 783
12 803
12 827
12 829
12 861
12 864
12 909
12 911
12 959
12 993
12 1062
12 1127
12 1196
12 1297
12 1371
12 1390
12 1438
12 1456
12 1502
13 14
13 23
13 32
13 45
13 51
13 63
13 93
13 110
13 130
13 147
13 160
13 165
13 168
13 169
13 203
13 209
13 218
13 244
13 274
13 296
13 315
13 320
13 335
13 350
13 384
13 395
13 432
13 450
13 460
13 487
13 490
13 516
13 581
13 590
13 629
13 640
13 650
13 681
13 682
13 699
13 706
13 713
13 736
13 748
13 835
13 872
13 976
13 1017
13 1079
13 1156
13 1355
13 1419
13 1492
14 19
14 30
14 34
14 35
14 36
14 38
14 42
14 43
14 44
14 61
14 66
14 70
14 73
14 83
14 88
14 94
14 115
14 118
14 129
14 166
14 168
14 170
14 179
14 198
14 211
14 224
14 233
14 237
14 238
14 268
14 277
14 312
14 328
14 334
14 335
14 337
14 383
14 435
14 436
14 448
14 455
14 462
14 484
14 492
14 575
14 605
14 608
14 693
14 708
14 712
14 729
14 736
14 758
14 761
14 770
14 774
14 781
14 792
14 808
14 918
14 945
14 948
14 1015
14 1043
14 1049
14 1066
14 1092
14 1099
14 1153
14 1163
14 1184
14 1194
14 1196
14 1234
14 1311
14 1351
14 1384
14 1386
14 1412
14 1469
14 1483
14 1493
14 1506
14 1507
14 1529
14 1566
15 23
15 26
15 31
15 44
15 51
15 64
15 65
15 73
15 80
15 97
15 104
15 105
15 110
15 112
15 126
15 135
15 168
15 169
15 175
15 179
15 204
15 223
15 253
15 263
15 264
15 270
15 279
15 310
15 312
15 337
15 343
15 353
15 372
15 378
15 380
15 389
15 412
15 424
15 442
15 490
15 493
15 499
15 506
15 546
15 564
15 612
15 617
15 652
15 693
15 699
15 724
15 736
15 763
15 789
15 791
15 795
15 797
15 815
15 867
15 919
15 960
15 1029
15 1059
15 1067
15 1082
15 1166
15 1192
15 1200
15 1207
15 1287
15 1293
15 1301
15 1375
15 1395
15 1470
15 1536
15 1567
15 1588
16 20
16 21
16 25
16 37
16 41
16 45
16 52
16 74
16 85
16 88
16 95
16 103
16 126
16 127
16 141
16 144
16 183
16 192
16 215
16 226
16 253
16 258
16 260
16 266
16 275
16 298
16 305
16 306
16 323
16 328
16 354
16 362
16 393
16 403
16 410
16 420
16 422
16 426
16 446
16 482
16 496
16 510
16 523
16 557
16 590
16 614
16 640
16 653
16 664
16 665
16 703
16 714
16 722
16 746
16 782
16 797
16 867
16 876
16 895
16 901
16 943
16 949
16 1056
16 1109
16 1127
16 1198
16 1222
16 1248
16 1320
16 1356
16 1364
16 1403
16 1433
16 1437
16 1438
16 1439
16 1459
16 1476
16 1479
16 1511
16 1540
16 1548
16 1565
16 1571
16 1578
16 1584
17 20
17 23
17 28
17 33
17 34
17 86
17 90
17 106
17 116
17 139
17 163
17 170
17 173
17 235
17 252
17 293
17 335
17 436
17 592
17 644
17 672
17 689
17 717
17 810
17 1041
17 1108
17 1180
17 1204
17 1433
17 1572
18 19
18 22
18 24
18 27
18 33
18 36
18 45
18 46
18 48
18 60
18 64
18 66
18 83
18 100
18 115
18 119
18 122
18 123
18 125
18 129
18 140
18 145
18 159
18 163
18 165
18 180
18 201
18 206
18 217
18 232
18 245
18 263
18 271
18 304
18 332
18 348
18 373
18 374
18 375
18 385
18 386
18 390
18 446
18 451
18 459
18 463
18 464
18 504
18 529
18 554
18 555
18 556
18 611
18 638
18 655
18 661
18 664
18 690
18 718
18 734
18 746
18 772
18 825
18 870
18 875
18 886
18 894
18 907
18 939
18 946
18 961
18 966
18 1078
18 1083
18 1096
18 1131
18 1156
18 1170
18 1179
18 1262
18 1306
18 1368
18 1492
18 1525
18 1559
19 21
19 30
19 37
19 49
19 67
19 91
19 112
19 114
19 127
19 140
19 141
19 152
19 161
19 182
19 186
19 190
19 193
19 196
19 199
19 283
19 329
19 338
19 343
19 357
19 375
19 415
19 421
19 445
19 526
19 537
19 609
19 624
19 632
19 650
19 659
19 735
19 784
19 819
19 821
19 825
19 891
19 1030
19 1195
19 1207
19 1294
19 1362
19 1424
19 1434
19 1447
19 1521
20 27
20 29
20 34
20 35
20 39
20 43
20 49
20 53
20 55
20 57
20 64
20 66
20 79
20 82
20 92
20 99
20 102
20 131
20 134
20 135
20 153
20 158
20 162
20 172
20 180
20 192
20 193
20 195
20 199
20 201
20 211
20 226
20 229
20 253
20 276
20 324
20 331
20 354
20 365
20 367
20 401
20 402
20 432
20 443
20 448
20 452
20 457
20 468
20 484
20 486
20 514
20 536
20 541
20 560
20 577
20 612
20 637
20 684
20 700
20 707
20 724
20 759
20 775
20 805
20 812
20 834
20 851
20 853
20 884
20 890
20 898
20 933
20 935
20 1019
20 1057
20 1060
20 1078
20 1079
20 1092
20 1118
20 1125
20 1128
20 1139
20 1160
20 1231
20 1239
20 1243
20 1261
20 1304
20 1367
20 1384
20 1442
20 1467
20 1478
20 1485
20 1506
20 1532
20 1544
20 1578
21 23
21 39
21 47
21 48
21 50
21 55
21 60
21 61
21 62
21 66
21 70
21 89
21 97
21 101
21 136
21 154
21 176
21 197
21 208
21 215
21 226
21 256
21 274
21 306
21 308
21 357
21 398
21 441
21 453
21 506
21 549
21 559
21 607
21 669
21 672
21 703
21 707
21 758
21 774
21 786
21 879
21 918
21 976
21 1005
21 1022
21 1026
21 1077
21 1193
21 1280
21 1495
22 37
22 40
22 42
22 48
22 50
22 72
22 73
22 88
22 101
22 105
22 108
22 131
22 156
22 182
22 185
22 195
22 196
22 212
22 229
22 234
22 257
22 272
22 322
22 353
22 399
22 408
22 421
22 423
22 480
22 502
22 511
22 537
22 554
22 555
22 590
22 609
22 633
22 635
22 717
22 727
22 763
22 783
22 804
22 823
22 830
22 833
22 887
22 908
22 938
22 987
22 1008
22 1057
22 1069
22 1086
22 1091
22 1130
22 1136
22 1139
22 1153
22 1257
22 1289
22 1294
22 1310
22 1362
22 1400
22 1479
22 1519
22 1563
23 48
23 61
23 63
23 64
23 93
23 94
23 144
23 148
23 154
23 189
23 191
23 198
23 270
23 275
23 322
23 325
23 326
23 345
23 378
23 454
23 490
23 505
23 530
23 541
23 573
23 587
23 605
23 608
23 612
23 700
23 789
23 847
23 874
23 876
23 969
23 971
23 992
23 1004
23 1037
23 1086
23 1220
23 1265
23 1351
23 1454
23 1495
23 1514
24 25
24 111
24 113
24 146
24 173
24 215
24 224
24 377
24 401
24 419
24 463
24 475
24 493
24 528
24 535
24 564
24 578
24 611
24 637
24 696
24 743
24 770
24 785
24 939
24 1223
24 1228
24 1410
24 1467
25 26
25 34
25 36
25 39
25 51
25 54
25 55
25 56
25 70
25 72
25 73
25 74
25 104
25 128
25 134
25 137
25 144
25 149
25 185
25 209
25 215
25 237
25 285
25 363
25 390
25 401
25 441
25 456
25 479
25 484
25 491
25 505
25 616
25 625
25 660
25 758
25 760
25 811
25 823
25 878
25 930
25 984
25 1063
25 1073
25 1098
25 1262
25 1263
25 1306
25 1323
25 1365
25 1436
25 1576
25 1579
26 32
26 33
26 37
26 40
26 49
26 50
26 96
26 134
26 157
26 210
26 255
26 284
26 286
26 302
26 362
26 391
26 412
26 417
26 421
26 428
26 486
26 546
26 606
26 621
26 624
26 798
26 812
26 879
26 893
26 913
26 931
26 952
26 974
26 1135
26 1150
26 1279
26 1312
26 1474
26 1550
27 30
27 218
27 293
27 318
27 426
27 610
27 670
27 701
27 814
27 1446
27 1482
27 1508
28 31
28 43
28 59
28 65
28 81
28 86
28 91
28 107
28 160
28 163
28 178
28 221
28 240
28 289
28 317
28 339
28 425
28 462
28 547
28 571
28 687
28 787
28 794
28 797
28 800
28 831
28 958
28 1181
28 1248
28 1267
28 1280
28 1294
28 1461
28 1488
28 1555
29 31
29 33
29 40
29 65
29 75
29 76
29 84
29 86
29 104
29 110
29 142
29 152
29 197
29 238
29 256
29 286
29 314
29 341
29 357
29 387
29 391
29 407
29 417
29 418
29 468
29 477
29 491
29 519
29 561
29 593
29 633
29 657
29 712
29 777
29 807
29 822
29 825
29 895
29 936
29 1120
29 1134
29 1162
29 1176
29 1221
29 1245
29 1252
29 1275
29 1285
29 1326
29 1398
29 1458
29 1485
29 1518
29 1528
29 1532
29 1586
30 37
30 44
30 53
30 59
30 75
30 111
30 167
30 174
30 177
30 244
30 245
30 317
30 341
30 345
30 378
30 496
30 500
30 510
30 513
30 557
30 667
30 795
30 956
30 967
30 1006
30 1013
30 1574
31 43
31 53
31 69
31 77
31 87
31 92
31 99
31 140
31 176
31 179
31 181
31 194
31 215
31 224
31 292
31 297
31 314
31 388
31 432
31 451
31 463
31 582
31 584
31 625
31 742
31 827
31 861
31 897
31 977
31 1138
31 1207
31 1337
31 1366
31 1534
32 47
32 63
32 67
32 68
32 157
32 160
32 170
32 174
32 205
32 304
32 322
32 407
32 458
32 579
32 595
32 659
32 661
32 722
32 853
32 906
32 949
32 966
32 1316
32 1399
32 1483
32 1566
33 39
33 42
33 68
33 99
33 101
33 117
33 130
33 161
33 214
33 229
33 232
33 236
33 278
33 294
33 344
33 371
33 387
33 474
33 521
33 622
33 680
33 752
33 824
33 919
33 953
33 1012
33 1035
33 1123
33 1233
33 1239
33 1305
33 1346
33 1507
34 54
34 62
34 183
34 199
34 204
34 220
34 274
34 296
34 318
34 358
34 359
34 387
34 393
34 434
34 456
34 489
34 528
34 622
34 801
34 947
34 970
34 997
34 1025
34 1032
34 1051
34 1235
34 1304
34 1339
34 1569
35 46
35 57
35 67
35 82
35 98
35 124
35 147
35 160
35 207
35 214
35 233
35 263
35 319
35 321
35 340
35 513
35 669
35 831
35 897
35 977
35 985
35 999
35 1100
35 1162
35 1210
35 1285
35 1425
36 55
36 58
36 70
36 82
36 98
36 138
36 143
36 215
36 230
36 271
36 300
36 316
36 397
36 435
36 473
36 529
36 546
36 579
36 622
36 684
36 790
36 858
36 974
36 1000
36 1030
36 1049
36 1115
36 1192
36 1203
36 1243
36 1265
36 1270
36 1319
36 1492
36 1543
37 75
37 79
37 139
37 218
37 228
37 275
37 314
37 315
37 681
37 722
37 783
37 1137
37 1201
37 1371
37 1504
38 39
38 47
38 48
38 58
38 59
38 84
38 87
38 108
38 109
38 116
38 121
38 141
38 177
38 183
38 279
38 285
38 312
38 325
38 328
38 329
38 330
38 342
38 368
38 389
38 391
38 478
38 521
38 544
38 567
38 582
38 666
38 682
38 716
38 740
38 779
38 899
38 903
38 1006
38 1046
38 1097
38 1106
38 1118
38 1160
38 1163
38 1164
38 1182
38 1201
38 1235
38 1258
38 1273
38 1346
38 1415
38 1466
38 1485
38 1505
38 1534
38 1558
38 1559
39 43
39 72
39 159
39 168
39 175
39 194
39 256
39 333
39 346
39 361
39 381
39 397
39 435
39 441
39 448
39 450
39 481
39 533
39 608
39 634
39 637
39 641
39 760
39 783
39 849
39 1016
39 1020
39 1090
39 1149
39 1178
39 1242
39 1271
39 1287
39 1323
39 1420
39 1501
39 1537
40 67
40 69
40 76
40 109
40 185
40 251
40 354
40 372
40 554
40 653
40 674
40 679
40 736
40 802
40 885
40 1071
40 1202
40 1443
40 1490
40 1535
41 55
41 60
41 127
41 139
41 145
41 175
41 278
41 346
41 385
41 432
41 518
41 636
41 787
41 848
41 880
41 912
41 917
41 1024
41 1055
41 1133
41 1167
41 1189
41 1380
41 1414
42 56
42 69
42 70
42 75
42 84
42 92
42 105
42 149
42 158
42 180
42 211
42 269
42 279
42 282
42 285
42 316
42 318
42 338
42 383
42 384
42 417
42 425
42 433
42 443
42 549
42 570
42 592
42 600
42 747
42 757
42 794
42 804
42 827
42 949
42 958
42 962
42 987
42 1005
42 1008
42 1109
42 1216
42 1425
42 1552
43 71
43 73
43 84
43 112
43 156
43 277
43 324
43 459
43 545
43 551
43 572
43 604
43 636
43 724
43 732
43 767
43 810
43 1101
43 1118
43 1264
43 1291
43 1299
44 80
44 90
44 98
44 117
44 133
44 178
44 222
44 227
44 292
44 299
44 346
44 347
44 398
44 425
44 507
44 616
44 624
44 667
44 695
44 702
44 764
44 826
44 937
44 1014
44 1031
44 1080
44 1098
44 1112
44 1168
44 1276
44 1295
44 1496
45 86
45 88
45 95
45 100
45 103
45 112
45 123
45 136
45 150
45 153
45 161
45 181
45 248
45 339
45 388
45 408
45 497
45 507
45 565
45 567
45 597
45 614
45 641
45 682
45 713
45 733
45 751
45 767
45 804
45 831
45 936
45 1150
45 1152
45 1167
45 1171
45 1290
45 1313
45 1354
45 1414
45 1479
45 1501
45 1532
46 48
46 53
46 69
46 71
46 77
46 94
46 113
46 114
46 115
46 123
46 143
46 150
46 181
46 194
46 214
46 219
46 241
46 300
46 382
46 383
46 400
46 516
46 527
46 561
46 602
46 662
46 688
46 696
46 705
46 765
46 806
46 807
46 865
46 898
46 1013
46 1078
46 1081
46 1100
46 1121
46 1130
46 1131
46 1133
46 1230
46 1241
46 1359
46 1403
46 1428
46 1454
47 83
47 100
47 202
47 479
47 502
47 731
47 740
47 784
47 939
47 940
47 1043
47 1211
47 1405
47 1440
47 1555
48 61
48 76
48 80
48 199
48 222
48 244
48 246
48 288
48 293
48 304
48 329
48 349
48 364
48 428
48 441
48 449
48 453
48 503
48 515
48 585
48 753
48 911
48 943
48 988
48 1172
48 1567
49 56
49 58
49 64
49 71
49 78
49 106
49 121
49 124
49 163
49 192
49 231
49 251
49 317
49 372
49 416
49 423
49 431
49 507
49 648
49 688
49 838
49 861
49 868
49 869
49 923
49 1043
49 1059
49 1139
49 1185
49 1217
49 1246
49 1360
49 1443
49 1511
49 1546
50 51
50 56
50 94
50 96
50 106
50 112
50 120
50 141
50 143
50 149
50 189
50 392
50 405
50 501
50 509
50 651
50 660
50 687
50 697
50 762
50 805
50 827
50 1127
50 1171
50 1215
50 1298
50 1387
50 1388
50 1421
50 1435
50 1544
51 54
51 80
51 85
51 87
51 134
51 149
51 159
51 211
51 219
51 225
51 264
51 359
51 438
51 447
51 523
51 710
51 776
51 835
51 1008
51 1017
51 1040
51 1376
52 63
52 80
52 93
52 142
52 212
52 218
52 221
52 274
52 316
52 327
52 347
52 364
52 370
52 404
52 410
52 459
52 470
52 475
52 494
52 625
52 654
52 676
52 712
52 787
52 835
52 921
52 950
52 951
52 1049
52 1073
52 1075
52 1163
52 1218
52 1231
52 1255
52 1287
52 1321
52 1409
52 1432
52 1530
52 1560
53 57
53 65
53 74
53 132
53 172
53 190
53 203
53 283
53 289
53 298
53 313
53 335
53 361
53 400
53 450
53 712
53 817
53 1033
53 1078
53 1099
53 1146
53 1160
53 1226
53 1500
53 1552
53 1576
54 135
54 170
54 228
54 265
54 518
54 769
54 784
54 906
54 1074
54 1311
55 57
55 61
55 68
55 76
55 79
55 97
55 109
55 128
55 151
55 252
55 320
55 323
55 361
55 363
55 368
55 373
55 375
55 404
55 437
55 458
55 506
55 574
55 645
55 775
55 957
55 989
55 999
55 1105
55 1185
55 1210
55 1251
55 1434
55 1475
56 81
56 125
56 151
56 227
56 258
56 289
56 302
56 307
56 429
56 508
56 744
56 1072
56 1074
56 1572
57 103
57 108
57 169
57 188
57 522
57 1073
58 76
58 81
58 124
58 138
58 162
58 169
58 180
58 191
58 510
58 546
58 591
58 665
58 682
58 782
58 844
58 882
58 965
58 1022
58 1083
58 1142
58 1184
58 1335
59 90
59 92
59 453
59 525
59 538
59 1195
59 1202
60 82
60 89
60 98
60 129
60 159
60 183
60 206
60 217
60 353
60 395
60 432
60 472
60 498
60 759
60 816
60 821
60 954
60 1056
60 1282
60 1367
60 1448
60 1452
61 102
61 152
61 162
61 169
61 187
61 188
61 230
61 254
61 329
61 362
61 393
61 430
61 565
61 586
61 642
61 933
61 968
61 1222
61 1375
61 1393
61 1448
61 1455
61 1468
62 107
62 111
62 114
62 119
62 214
62 239
62 240
62 262
62 305
62 306
62 360
62 448
62 598
62 693
62 728
62 1002
62 1056
62 1140
62 1141
62 1143
62 1381
62 1481
63 81
63 87
63 136
63 196
63 228
63 287
63 291
63 295
63 311
63 340
63 346
63 362
63 389
63 453
63 458
63 466
63 538
63 607
63 632
63 639
63 855
63 999
63 1019
63 1030
63 1115
63 1210
63 1213
63 1229
63 1312
63 1474
64 72
64 109
64 126
64 133
64 143
64 146
64 151
64 197
64 201
64 234
64 268
64 270
64 290
64 295
64 297
64 305
64 339
64 413
64 423
64 478
64 483
64 522
64 543
64 575
64 607
64 621
64 672
64 704
64 819
64 827
64 835
64 914
64 979
64 1043
64 1138
64 1188
64 1200
64 1283
64 1321
64 1379
64 1380
64 1405
64 1428
64 1497
64 1572
64 1573
65 74
65 77
65 94
65 182
65 247
65 261
65 291
65 295
65 387
65 391
65 436
65 491
65 645
65 647
65 700
65 774
65 780
65 786
65 896
65 900
65 907
65 991
65 1118
65 1121
65 1169
65 1174
65 1180
65 1199
65 1215
65 1300
65 1338
65 1391
65 1406
65 1533
66 83
66 86
66 96
66 101
66 102
66 123
66 128
66 202
66 203
66 222
66 270
66 309
66 339
66 393
66 424
66 465
66 497
66 502
66 524
66 551
66 580
66 601
66 602
66 613
66 692
66 702
66 708
66 757
66 770
66 927
66 962
66 963
66 1046
66 1219
66 1274
66 1357
66 1362
66 1414
66 1424
66 1449
66 1487
66 1510
66 1525
66 1529
66 1548
67 79
67 156
67 157
67 183
67 187
67 202
67 242
67 248
67 364
67 437
67 466
67 499
67 504
67 507
67 584
67 845
67 900
67 1079
67 1173
67 1280
67 1428
68 138
68 155
68 177
68 351
68 754
68 777
68 871
68 1021
68 1087
68 1191
68 1517
68 1563
69 72
69 75
69 106
69 136
69 206
69 213
69 342
69 369
69 382
69 424
69 439
69 449
69 494
69 626
69 629
69 635
69 735
69 756
69 811
69 992
69 1253
69 1332
69 1464
69 1480
69 1482
70 90
70 142
70 184
70 314
70 383
70 433
70 473
70 497
70 527
70 557
70 741
70 765
70 774
70 828
70 881
70 894
70 937
70 956
70 963
70 964
70 982
70 1000
70 1135
70 1166
70 1188
70 1285
70 1343
70 1516
70 1527
70 1563
71 124
71 129
71 143
71 159
71 165
71 286
71 293
71 369
71 436
71 504
71 531
71 563
71 839
71 840
71 854
71 910
71 1383
71 1423
72 84
72 125
72 128
72 149
72 261
72 272
72 321
72 349
72 350
72 396
72 471
72 606
72 630
72 639
72 656
72 690
72 721
72 751
72 833
72 978
72 991
72 1210
72 1392
72 1407
72 1416
72 1419
72 1491
72 1528
72 1538
72 1552
73 78
73 103
73 111
73 135
73 171
73 189
73 197
73 257
73 407
73 509
73 521
73 799
73 802
73 884
73 1075
73 1196
73 1329
73 1367
73 1388
74 100
74 193
74 283
74 302
74 365
74 820
74 1057
74 1089
74 1274
74 1333
74 1402
75 123
75 220
75 269
75 275
75 580
75 727
75 773
75 986
75 1114
75 1125
76 78
76 137
76 161
76 171
76 320
76 341
76 429
76 546
76 552
76 596
76 859
76 870
76 877
76 995
76 1000
76 1066
76 1164
77 93
77 140
77 187
77 241
77 360
77 486
77 575
77 894
77 1009
77 1161
77 1282
78 233
78 532
78 727
78 1202
78 1291
78 1313
79 95
79 101
79 144
79 145
79 169
79 179
79 189
79 228
79 262
79 286
79 288
79 302
79 308
79 319
79 344
79 481
79 488
79 601
79 649
79 651
79 809
79 823
79 933
79 948
79 1012
79 1027
79 1053
79 1069
79 1084
79 1091
79 1203
79 1457
79 1478
79 1562
80 84
80 105
80 148
80 153
80 162
80 205
80 252
80 445
80 457
80 461
80 480
80 539
80 664
80 762
80 926
80 956
80 1031
80 1275
80 1334
80 1454
80 1497
80 1549
81 92
81 109
81 110
81 182
81 240
81 252
81 258
81 324
81 326
81 411
81 438
81 466
81 527
81 528
81 529
81 544
81 576
81 621
81 686
81 785
81 788
81 848
81 965
81 972
81 1037
81 1048
81 1058
81 1086
81 1115
81 1359
81 1459
81 1533
82 175
82 362
82 373
82 481
82 805
82 815
82 935
82 963
82 976
82 1088
82 1103
82 1349
82 1360
82 1465
83 89
83 112
83 127
83 151
83 174
83 175
83 186
83 251
83 254
83 256
83 308
83 388
83 394
83 606
83 678
83 745
83 957
83 997
83 1094
83 1098
83 1308
83 1356
83 1402
83 1416
83 1475
84 106
84 225
84 370
84 833
84 1212
85 102
85 178
85 184
85 278
85 281
85 397
85 401
85 487
85 556
85 611
85 633
85 661
85 729
85 755
85 757
85 834
85 835
85 945
85 1036
85 1039
85 1116
85 1232
86 96
86 107
86 110
86 117
86 271
86 307
86 348
86 379
86 418
86 425
86 455
86 469
86 552
86 558
86 580
86 669
86 684
86 717
86 719
86 772
86 829
86 867
86 955
86 987
86 1136
86 1189
86 1230
86 1314
86 1537
86 1541
87 149
87 155
87 172
87 748
87 878
87 1443
88 146
88 208
88 298
88 363
88 465
88 478
88 532
88 587
88 643
89 258
89 294
89 456
89 498
89 519
89 531
89 755
89 757
89 836
89 850
89 879
89 890
89 952
90 103
90 118
90 121
90 161
90 191
90 216
90 288
90 345
90 382
90 437
90 459
90 534
90 539
90 716
90 720
90 945
90 1001
90 1046
90 1077
90 1198
90 1215
90 1234
90 1269
91 133
91 184
91 331
91 632
91 702
91 881
91 899
91 968
91 1032
91 1211
91 1546
92 116
92 314
92 381
92 409
92 982
92 1232
93 166
93 218
93 239
93 242
93 273
93 277
93 292
93 319
93 372
93 379
93 428
93 452
93 508
93 638
93 645
93 660
93 668
93 701
93 723
93 782
93 792
93 805
93 817
93 890
93 1028
93 1203
93 1282
94 148
94 229
94 253
94 254
94 492
94 666
94 697
94 894
94 1236
94 1502
95 114
95 118
95 135
95 141
95 164
95 269
95 321
95 429
95 594
95 684
95 841
95 890
95 894
95 925
95 1027
95 1222
95 1431
95 1510
95 1583
96 118
96 125
96 154
96 162
96 231
96 360
96 426
96 434
96 439
96 468
96 528
96 537
96 719
96 796
96 814
96 1052
96 1064
96 1068
96 1319
96 1350
96 1421
96 1424
96 1453
97 113
97 137
97 202
97 304
97 550
97 585
97 630
97 795
97 798
97 806
97 951
97 980
97 1232
97 1314
97 1581
98 120
98 157
98 166
98 206
98 257
98 298
98 306
98 315
98 352
98 454
98 526
98 550
98 611
98 658
98 793
98 832
98 882
98 925
98 981
98 1001
98 1031
98 1060
98 1085
98 1108
98 1158
98 1162
98 1176
98 1230
98 1543
99 135
99 176
99 183
99 205
99 214
99 219
99 226
99 269
99 337
99 364
99 504
99 726
99 1359
99 1466
100 105
100 137
100 160
100 204
100 235
100 296
100 310
100 325
100 379
100 411
100 453
100 490
100 492
100 576
100 592
100 595
100 617
100 635
100 655
100 666
100 677
100 706
100 735
100 737
100 745
100 756
100 834
100 897
100 994
100 1002
100 1056
100 1188
100 1285
100 1297
100 1390
100 1459
100 1465
100 1556
101 147
101 204
101 212
101 228
101 370
101 552
101 593
101 597
101 673
101 716
101 775
101 817
101 828
101 832
101 882
101 951
101 1036
101 1048
101 1093
101 1283
101 1290
101 1325
101 1348
101 1373
101 1449
101 1483
101 1561
101 1562
102 104
102 153
102 184
102 195
102 213
102 307
102 338
102 488
102 522
102 525
102 581
102 599
102 600
102 667
102 683
102 767
102 850
102 861
102 1036
102 1098
102 1195
102 1234
102 1246
102 1365
102 1383
102 1453
102 1557
103 118
103 162
103 174
103 192
103 207
103 211
103 239
103 246
103 259
103 266
103 308
103 355
103 429
103 464
103 470
103 492
103 513
103 680
103 697
103 750
103 769
103 778
103 854
103 896
103 1006
103 1027
103 1040
103 1273
103 1292
103 1327
103 1342
103 1374
103 1397
103 1422
103 1482
103 1578
104 110
104 195
104 223
104 504
104 822
104 978
104 1075
104 1162
104 1208
104 1314
105 121
105 138
105 140
105 152
105 232
105 239
105 264
105 275
105 303
105 310
105 338
105 351
105 365
105 414
105 549
105 580
105 649
105 650
105 656
105 724
105 962
105 1153
105 1235
105 1274
105 1278
105 1363
105 1395
105 1533
105 1558
106 146
106 173
106 189
106 282
106 530
106 541
106 715
106 823
106 964
106 1288
106 1340
106 1465
106 1483
106 1489
106 1507
107 108
107 122
107 131
107 203
107 205
107 313
107 320
107 515
107 519
107 610
107 686
107 1003
107 1488
107 1582
108 115
108 145
108 153
108 164
108 172
108 176
108 178
108 204
108 241
108 326
108 427
108 433
108 449
108 450
108 616
108 617
108 825
108 887
108 1045
108 1232
108 1282
108 1384
108 1430
109 186
109 403
109 567
109 704
109 1024
109 1214
109 1450
109 1484
110 154
110 156
110 164
110 203
110 208
110 281
110 288
110 350
110 399
110 434
110 545
110 652
110 802
110 911
110 920
110 1191
110 1229
110 1410
110 1430
110 1581
111 195
111 364
111 390
111 405
111 409
111 414
111 553
111 871
111 886
111 932
111 1088
111 1219
111 1238
111 1315
111 1401
111 1437
111 1556
112 139
112 209
112 236
112 245
112 296
112 309
112 374
112 397
112 412
112 467
112 473
112 520
112 602
112 629
112 703
112 743
112 769
112 812
112 830
112 859
112 889
112 901
112 925
112 1104
112 1157
112 1225
112 1247
112 1384
112 1396
112 1426
112 1494
112 1502
113 132
113 171
113 232
113 410
113 524
113 566
113 663
113 674
113 690
113 818
113 1018
113 1394
114 131
114 244
114 299
114 467
114 759
114 934
114 979
114 1411
115 129
115 243
115 291
115 377
115 408
115 627
115 665
115 888
115 938
115 1307
115 1336
115 1389
115 1403
115 1529
116 180
116 259
116 267
116 291
116 301
116 660
116 807
116 843
116 1282
116 1332
117 261
117 265
117 326
117 340
117 356
117 421
117 549
117 585
117 709
117 810
117 927
117 1095
117 1323
117 1378
117 1406
117 1442
118 125
118 222
118 251
118 311
118 398
118 418
118 472
118 508
118 551
118 560
118 637
118 759
118 1009
118 1028
118 1226
118 1424
118 1524
119 190
119 422
119 431
119 1575
120 132
120 154
120 198
120 264
120 278
120 296
120 305
120 336
120 343
120 352
120 526
120 603
120 896
120 1041
120 1085
120 1397
121 200
121 221
121 235
121 244
121 294
121 380
121 392
121 399
121 415
121 466
121 626
121 717
121 778
121 791
121 885
121 1063
121 1276
121 1453
121 1530
121 1574
121 1580
122 207
122 322
122 358
122 412
122 552
122 570
122 662
122 777
122 826
122 848
122 965
122 1033
122 1041
122 1144
122 1307
123 159
123 309
123 310
123 333
123 518
123 629
123 668
123 906
123 979
123 1084
123 1149
123 1381
123 1437
123 1526
124 165
124 171
124 180
124 219
124 254
124 268
124 330
124 491
124 673
124 685
124 814
124 915
124 996
124 1085
124 1177
124 1256
124 1258
124 1362
124 1417
124 1433
124 1516
125 279
125 447
125 500
125 926
125 1076
125 1469
126 224
126 446
126 701
126 762
126 879
126 1100
126 1109
126 1170
126 1200
126 1241
126 1286
126 1503
126 1518
126 1541
127 223
127 232
127 542
127 622
127 1263
127 1353
127 1434
128 189
128 207
128 217
128 250
128 251
128 263
128 317
128 358
128 440
128 535
128 720
128 803
128 883
128 958
128 990
128 1065
128 1200
128 1270
128 1351
128 1431
128 1475
128 1525
129 132
129 227
129 290
129 485
129 548
129 584
129 593
129 608
129 889
129 956
129 1032
129 1097
129 1113
129 1338
129 1432
129 1486
129 1523
129 1540
130 150
130 288
130 297
130 336
130 361
130 368
130 439
130 569
130 604
130 750
130 755
130 774
130 813
130 848
130 858
130 915
130 1311
130 1520
131 143
131 213
131 259
131 299
131 336
131 425
131 474
131 497
131 584
131 614
131 887
131 941
131 956
131 1132
131 1205
131 1266
131 1582
132 158
132 255
132 294
132 324
132 354
132 371
132 387
132 527
132 623
132 721
132 749
132 839
132 1154
132 1444
132 1467
132 1482
133 226
133 448
133 648
133 674
133 750
133 840
133 876
133 961
133 1010
133 1018
133 1561
134 195
134 246
134 412
134 481
134 619
134 704
134 733
134 1233
134 1404
134 1517
134 1587
135 148
135 216
135 242
135 284
135 288
135 315
135 323
135 333
135 394
135 412
135 444
135 771
135 848
135 876
135 877
135 1508
135 1509
135 1588
136 179
136 277
136 320
136 1024
136 1062
136 1182
136 1325
136 1360
137 525
137 526
137 540
137 657
137 738
137 933
137 1114
138 163
138 266
138 889
138 1093
138 1228
138 1358
139 156
139 186
139 249
139 359
139 463
139 510
139 770
139 906
139 1025
139 1112
139 1239
139 1514
140 165
140 181
140 196
140 257
140 282
140 326
140 327
140 344
140 348
140 403
140 596
140 691
140 791
140 875
140 932
140 952
140 955
140 1029
140 1055
140 1090
140 1118
140 1195
140 1269
140 1281
140 1288
140 1436
140 1437
140 1491
140 1516
140 1545
141 220
141 231
141 279
141 280
141 289
141 339
141 349
141 364
141 373
141 489
141 531
141 602
141 767
141 839
141 883
141 909
141 1070
141 1224
141 1262
141 1430
141 1440
142 158
142 167
142 246
142 283
142 331
142 404
142 428
142 510
142 545
142 600
142 712
142 779
142 868
142 980
142 1058
142 1107
142 1151
142 1317
142 1350
142 1492
142 1562
143 164
143 188
143 421
143 650
143 913
143 1137
143 1533
144 231
144 235
144 292
144 338
144 460
144 578
144 644
144 692
144 803
144 834
144 840
144 859
144 869
144 985
144 991
144 992
144 1163
144 1219
144 1221
144 1276
144 1318
144 1548
144 1556
145 188
145 205
145 216
145 254
145 290
145 380
145 402
145 458
145 476
145 576
145 650
145 696
145 738
145 743
145 1053
145 1070
145 1240
145 1415
145 1514
146 150
146 210
146 222
146 273
146 382
146 409
146 578
146 586
146 623
146 744
146 933
146 944
146 1102
146 1493
147 184
147 395
147 464
147 512
147 579
147 742
147 816
147 991
147 1033
147 1107
147 1140
147 1170
147 1579
147 1581
148 230
148 249
148 257
148 305
148 312
148 325
148 349
148 356
148 377
148 470
148 540
148 813
148 893
148 955
148 1220
148 1293
148 1385
148 1413
148 1469
148 1551
148 1559
148 1566
149 176
149 193
149 349
149 462
149 649
149 734
149 766
149 1034
149 1339
149 1370
149 1388
149 1425
149 1536
149 1542
150 160
150 199
150 321
150 443
150 507
150 555
150 581
150 714
150 865
150 1141
150 1407
150 1426
150 1543
151 196
151 300
151 320
151 512
151 598
151 677
151 715
151 780
151 1052
151 1372
152 166
152 175
152 200
152 217
152 236
152 273
152 276
152 300
152 376
152 434
152 447
152 460
152 492
152 511
152 579
152 702
152 731
152 796
152 818
152 822
152 875
152 897
152 986
152 1037
152 1087
152 1206
152 1346
152 1377
152 1381
153 170
153 487
153 630
153 705
153 788
153 831
153 839
153 918
153 924
153 1114
153 1338
153 1389
154 155
154 243
154 281
154 422
154 423
154 477
154 483
154 631
154 723
154 724
154 749
154 895
154 962
154 1026
154 1055
154 1090
154 1103
154 1117
154 1253
154 1298
154 1372
154 1414
154 1542
155 157
155 229
155 234
155 250
155 480
155 517
155 544
155 694
155 852
155 1073
155 1119
155 1145
155 1412
155 1553
156 260
156 612
156 740
156 968
156 1112
156 1128
158 301
158 342
158 424
158 866
158 1374
159 220
159 371
159 567
159 888
159 1152
159 1269
159 1561
160 178
160 213
160 329
160 367
160 503
160 562
160 566
160 573
160 617
160 1092
160 1132
160 1133
160 1250
160 1445
160 1508
160 1524
161 211
161 379
161 693
161 820
161 876
161 1137
161 1248
161 1363
161 1367
162 200
162 221
162 265
162 454
162 475
162 577
162 606
162 799
162 863
162 944
162 1089
163 198
163 249
163 254
163 271
163 440
163 473
163 643
163 974
163 1106
163 1189
163 1291
163 1440
164 210
164 316
164 356
164 366
164 592
164 600
164 659
164 691
164 692
164 705
164 707
164 715
164 777
164 788
164 812
164 1005
164 1068
164 1194
164 1197
164 1300
164 1382
164 1387
164 1441
164 1463
164 1512
165 168
165 242
165 278
165 327
165 378
165 407
165 443
165 547
165 703
165 1047
165 1050
165 1053
165 1310
165 1579
166 212
166 520
166 949
166 1201
167 208
167 223
167 405
167 515
167 923
167 994
167 1038
167 1075
168 287
168 397
168 526
168 739
168 754
168 940
169 199
169 217
169 235
169 309
169 417
169 591
169 596
169 626
169 698
169 862
169 1017
169 1383
169 1388
170 240
170 272
170 306
170 380
170 394
170 459
170 474
170 557
170 618
170 747
170 756
170 779
170 784
170 798
170 988
170 1142
170 1159
170 1173
170 1277
170 1296
171 173
171 200
171 362
171 543
171 581
171 610
171 907
171 997
171 1177
171 1193
171 1344
172 382
172 598
172 725
172 863
172 1186
172 1216
172 1394
172 1498
172 1563
172 1583
173 245
173 483
173 579
173 614
173 691
173 732
173 1004
173 1387
174 206
174 229
174 262
174 271
174 287
174 295
174 310
174 316
174 322
174 365
174 374
174 539
174 865
174 893
174 921
174 1147
174 1227
174 1450
175 191
175 200
175 287
175 325
175 330
175 336
175 347
175 623
175 687
175 713
175 935
175 953
175 1030
175 1074
175 1075
175 1139
175 1161
175 1208
175 1332
175 1398
175 1547
176 237
176 479
176 543
176 584
176 593
176 739
176 878
176 943
176 975
176 1023
176 1101
176 1126
176 1177
176 1243
176 1450
176 1549
176 1551
176 1565
177 234
177 287
177 564
177 582
177 642
177 656
177 671
177 717
177 745
177 790
177 795
177 913
177 1121
177 1171
177 1254
177 1255
177 1269
177 1314
177 1487
178 248
178 311
178 360
178 432
178 446
178 551
178 565
178 636
178 652
178 706
178 733
178 764
178 1044
178 1102
178 1128
178 1181
178 1259
178 1426
178 1521
179 240
179 261
179 269
179 332
179 505
179 551
179 649
179 710
179 817
179 1020
179 1072
179 1503
180 222
180 237
180 269
180 416
180 462
180 827
180 993
180 1002
181 194
181 238
181 255
181 385
181 485
181 535
181 537
181 559
181 570
181 600
181 634
181 647
181 807
181 838
181 922
181 955
181 1012
181 1021
182 369
182 451
182 555
182 753
182 934
182 967
182 1054
182 1144
182 1238
182 1281
182 1300
182 1387
183 563
183 1019
183 1143
183 1287
183 1301
184 651
184 771
184 799
184 811
184 1348
185 209
185 264
185 282
185 435
185 600
185 668
185 704
185 888
185 929
185 1030
185 1088
185 1366
186 208
186 592
186 1368
186 1484
187 240
187 250
187 255
187 341
187 501
187 558
187 602
187 620
187 661
187 946
187 1007
187 1029
187 1087
187 1266
187 1354
187 1573
188 201
189 469
189 512
189 553
189 745
189 802
189 1218
189 1247
189 1532
189 1577
190 196
190 275
190 413
190 414
190 451
190 561
190 664
190 757
190 800
190 837
190 859
190 941
190 958
190 1010
190 1070
190 1209
190 1389
190 1395
190 1431
190 1472
190 1564
191 220
191 224
191 248
191 358
191 370
191 413
191 430
191 501
191 520
191 578
191 713
191 786
191 984
191 1237
191 1369
191 1382
191 1499
191 1510
191 1548
191 1572
191 1584
192 284
192 352
192 535
192 1084
192 1134
192 1451
193 209
193 241
193 868
193 878
193 1010
194 210
194 270
194 273
194 355
194 655
194 744
194 931
194 1056
194 1275
194 1394
195 223
195 249
195 426
195 502
195 536
195 560
195 608
195 764
195 891
195 994
195 1010
195 1024
195 1155
195 1169
195 1295
195 1405
195 1429
196 216
196 409
196 424
196 455
196 469
196 572
196 727
196 1278
196 1564
197 353
197 515
197 639
197 937
197 938
197 967
197 1091
197 1192
198 224
198 260
198 377
198 584
198 690
198 739
198 984
198 1042
198 1095
198 1111
198 1228
199 201
199 247
199 376
199 997
200 213
200 323
200 451
200 495
200 748
200 811
200 910
200 972
200 1082
200 1428
200 1429
200 1531
201 219
201 294
201 524
202 296
202 326
202 337
202 433
202 457
202 481
202 493
202 540
202 549
202 800
202 982
202 991
202 1004
202 1062
202 1134
202 1175
202 1181
202 1449
202 1496
203 219
203 274
203 428
203 478
203 548
203 647
203 772
203 872
203 932
203 950
203 1006
203 1168
203 1189
203 1386
204 220
204 234
204 302
204 324
204 590
204 936
204 1025
204 1050
204 1420
205 255
205 264
205 307
205 444
205 963
206 568
206 680
206 977
206 1203
207 237
207 285
207 394
207 420
207 453
207 483
207 518
207 919
207 1121
207 1353
207 1412
207 1462
208 1198
208 1342
209 414
209 424
209 671
209 700
209 716
209 755
209 950
209 1021
209 1098
209 1123
209 1185
209 1265
210 235
210 253
210 392
210 411
210 655
210 1048
210 1540
210 1574
211 250
211 255
211 349
211 375
211 381
211 505
211 775
211 830
211 900
211 930
211 966
211 987
211 1174
211 1260
211 1520
212 406
212 547
212 570
212 640
212 1131
212 1141
212 1399
212 1452
213 303
213 535
213 586
213 588
213 589
213 628
213 644
213 682
213 1000
213 1277
213 1293
213 1513
214 259
214 301
214 406
214 506
214 508
214 1180
214 1241
214 1250
214 1336
214 1511
215 236
215 239
215 287
215 430
215 542
215 615
215 750
215 760
215 868
215 1039
215 1076
215 1135
215 1164
215 1409
216 337
216 583
216 706
216 1076
216 1082
216 1138
216 1211
216 1358
216 1394
217 246
217 331
217 370
217 574
217 1358
218 270
218 402
218 429
218 514
218 686
218 719
218 729
218 737
218 758
218 1144
218 1148
218 1160
218 1224
218 1307
219 262
219 342
219 343
219 358
219 372
219 415
219 523
219 634
219 680
219 1003
219 1115
219 1249
219 1347
219 1430
219 1454
220 237
220 289
220 422
220 431
220 872
220 994
220 1149
220 1205
220 1336
220 1397
220 1422
220 1489
220 1539
220 1588
221 267
221 553
221 909
221 977
221 1101
221 1260
221 1306
221 1543
222 238
222 250
222 319
222 335
222 381
222 485
222 557
222 570
222 657
222 661
222 697
222 760
222 785
222 808
222 1050
222 1165
222 1272
222 1308
222 1435
223 234
223 248
223 366
223 394
223 619
223 620
223 640
223 658
223 764
223 769
223 808
223 863
223 904
223 921
223 950
223 984
223 1003
223 1022
223 1223
223 1341
223 1471
223 1526
223 1558
224 273
224 477
224 598
224 632
224 682
224 698
224 786
224 922
224 928
224 1125
224 1350
224 1435
225 358
225 788
226 230
226 245
226 280
226 284
226 289
226 301
226 317
226 482
226 571
226 572
226 610
226 653
226 654
226 862
226 972
226 1194
226 1411
227 233
227 246
227 293
227 595
227 721
227 771
227 971
227 1235
227 1246
227 1263
227 1311
227 1422
227 1546
228 636
228 889
228 1012
228 1141
229 331
229 344
229 488
229 522
229 582
229 598
229 619
229 685
229 726
229 851
229 855
229 880
229 993
229 1103
229 1130
229 1138
229 1155
229 1169
229 1209
229 1212
229 1473
229 1488
230 276
230 418
230 420
230 502
230 560
230 695
230 738
230 742
230 788
230 809
230 902
230 927
230 1011
230 1258
230 1275
230 1327
230 1356
230 1375
230 1471
230 1526
231 291
231 338
231 420
231 1174
231 1316
231 1435
231 1501
232 247
232 353
232 396
232 403
232 404
232 472
232 476
232 603
232 607
232 610
232 651
232 695
232 729
232 732
232 797
232 931
232 1062
232 1156
232 1184
232 1460
233 253
233 256
233 298
233 482
233 499
233 571
233 860
233 891
233 928
233 1266
233 1585
234 261
234 311
234 347
234 447
234 485
234 500
234 609
234 632
234 918
234 1094
234 1143
234 1148
234 1456
234 1472
235 243
235 318
235 329
235 468
235 492
235 635
235 843
235 932
235 1104
235 1272
235 1448
235 1471
236 263
236 373
236 464
236 1076
236 1249
236 1317
236 1376
236 1385
236 1576
237 267
237 469
237 655
237 975
237 1108
237 1491
238 550
238 562
238 568
238 700
238 701
238 754
238 876
238 877
238 1103
238 1105
238 1328
238 1350
238 1568
239 248
239 299
239 334
240 523
240 554
240 638
240 800
240 996
240 1110
240 1261
240 1348
240 1438
240 1446
240 1469
240 1564
241 252
241 271
241 352
241 389
241 472
241 519
241 676
241 808
241 882
241 1042
241 1051
241 1068
241 1103
241 1152
242 371
242 543
242 609
242 782
242 846
242 858
242 1186
242 1459
243 282
243 317
243 489
243 667
243 699
243 741
243 910
243 1149
243 1501
244 265
244 272
244 305
244 539
244 545
244 595
244 637
244 663
244 766
244 938
244 1032
244 1043
244 1344
244 1361
245 299
245 337
245 440
245 520
245 532
245 666
245 942
245 1140
245 1230
246 396
246 442
246 1111
246 1365
247 252
247 356
247 560
247 1369
248 279
248 311
248 313
248 322
248 350
248 431
248 466
248 467
248 633
248 658
248 671
248 689
248 751
248 884
248 886
248 1033
248 1249
248 1378
248 1468
249 323
249 613
249 629
249 1318
250 267
250 567
250 967
250 1124
250 1499
250 1562
251 256
251 423
251 449
251 482
251 715
251 798
251 1025
251 1393
252 262
252 479
252 698
252 824
252 893
252 897
252 1016
252 1099
253 702
253 730
253 802
253 862
254 386
254 440
254 503
254 648
254 869
254 1099
254 1237
254 1551
255 571
255 587
255 698
255 1005
255 1035
255 1288
255 1342
256 260
256 392
256 824
256 981
256 1374
256 1453
257 303
257 373
257 457
257 728
257 978
257 1359
257 1444
257 1504
258 259
258 266
258 297
258 457
258 497
258 892
258 1097
258 1201
258 1214
258 1340
259 340
259 452
259 484
259 501
259 561
259 594
259 741
259 831
259 1049
259 1105
259 1119
260 429
260 499
260 533
260 615
260 792
260 837
260 856
260 929
260 1026
260 1072
260 1157
260 1209
260 1229
260 1352
260 1552
261 290
261 318
261 393
261 400
261 484
261 494
261 582
261 597
261 611
261 646
261 891
261 1079
261 1264
261 1359
261 1517
262 292
262 345
262 912
262 1251
263 351
263 1320
263 1571
264 282
264 519
264 1368
265 348
265 361
265 431
265 434
265 461
265 500
265 645
265 860
266 301
266 647
266 857
266 905
266 1111
266 1403
266 1485
266 1536
267 299
267 475
267 490
267 1086
267 1159
267 1382
268 672
268 962
269 272
269 277
269 335
269 483
269 703
269 728
269 739
269 768
269 886
269 966
269 1114
269 1444
269 1517
269 1551
270 290
270 313
270 385
270 388
270 472
270 640
270 1013
270 1097
270 1354
270 1530
271 295
271 916
271 1008
271 1036
271 1081
271 1174
271 1236
271 1443
272 952
272 1002
272 1444
272 1508
273 286
273 566
273 646
273 695
273 778
273 1288
273 1359
274 276
274 408
274 471
274 541
274 574
274 693
274 937
274 1291
274 1292
274 1322
274 1411
274 1416
274 1458
274 1476
275 311
275 662
275 933
275 1229
275 1261
275 1298
275 1481
276 392
276 494
276 496
276 501
276 936
276 1089
277 280
277 283
277 360
277 374
277 427
277 456
277 547
277 583
277 692
277 722
277 896
277 1001
277 1212
277 1302
277 1318
277 1416
277 1458
277 1539
278 381
278 471
278 587
278 837
278 866
278 931
278 995
278 1135
278 1215
278 1237
278 1315
278 1333
278 1440
278 1504
279 359
279 366
279 633
279 970
279 1227
280 444
280 461
280 524
280 556
280 935
280 961
280 1483
280 1486
280 1554
281 366
281 383
281 561
281 973
281 1183
281 1347
282 587
282 904
282 1106
282 1284
282 1378
282 1505
283 385
283 474
283 548
283 588
283 631
283 675
283 683
283 686
283 790
283 857
283 883
283 1016
283 1326
283 1537
284 522
284 722
284 921
284 925
284 1146
284 1313
285 313
285 381
285 526
285 863
285 1026
285 1142
285 1256
285 1386
285 1490
287 332
287 607
287 695
287 860
287 1358
288 407
288 566
288 590
288 863
288 903
288 973
288 1044
288 1165
288 1181
288 1192
288 1219
288 1410
288 1553
289 371
289 383
289 489
289 521
289 849
289 888
289 899
289 1106
290 406
290 465
290 533
290 540
290 989
290 1231
291 403
291 500
291 536
291 674
291 1226
292 323
292 503
292 710
292 719
292 760
292 953
292 1130
292 1145
292 1304
293 315
293 339
293 468
293 512
293 534
293 585
293 588
293 1061
293 1295
294 298
294 367
294 480
294 495
294 547
294 616
294 621
294 712
294 821
294 934
294 979
294 1102
294 1129
294 1175
294 1183
294 1238
294 1284
294 1298
294 1457
294 1530
295 303
295 419
295 450
295 590
295 593
295 599
296 480
296 511
296 534
296 674
296 825
296 883
296 938
296 1111
297 314
297 355
297 454
297 670
297 885
297 895
297 901
297 972
297 980
297 996
297 1061
297 1437
298 606
298 653
298 944
298 994
298 1099
298 1299
298 1427
298 1439
298 1526
299 341
299 447
299 811
299 905
299 949
299 1014
299 1133
299 1426
299 1515
300 1131
300 1144
300 1329
300 1333
300 1341
300 1555
301 476
301 615
301 665
301 1174
301 1341
301 1397
301 1464
302 387
302 409
302 456
302 618
302 679
302 749
302 761
302 881
302 1080
302 1306
302 1340
303 304
303 366
303 530
303 568
303 572
303 573
303 641
303 1263
304 718
304 862
304 1171
304 1251
304 1366
304 1439
304 1545
305 408
305 1173
305 1265
306 348
306 801
306 863
306 872
306 936
306 1151
306 1208
306 1336
307 487
307 694
307 734
307 887
307 1143
307 1182
307 1223
308 517
308 755
308 921
308 970
308 1081
308 1110
308 1259
308 1419
308 1459
308 1477
309 357
309 425
309 509
309 778
309 967
309 995
309 1192
309 1197
309 1398
310 1005
310 1034
310 1084
310 1128
310 1381
311 315
311 354
311 402
311 442
311 544
311 569
311 747
311 794
311 795
311 990
311 1098
311 1113
311 1124
311 1201
311 1303
311 1333
312 565
312 781
312 1258
312 1419
313 422
313 494
313 532
313 558
313 586
313 737
313 1108
313 1122
313 1300
313 1329
313 1395
313 1553
314 330
314 376
314 436
314 451
314 871
314 1190
314 1373
315 359
315 380
315 477
315 499
315 631
315 805
315 960
315 1086
315 1239
315 1544
316 340
316 616
316 782
316 1057
316 1161
316 1196
316 1374
317 413
317 450
317 744
317 766
317 847
317 911
317 957
318 389
318 656
318 672
318 815
318 926
318 956
318 1028
318 1582
319 368
319 410
319 470
319 634
319 708
319 762
319 1077
319 1183
319 1185
319 1205
319 1272
319 1524
319 1563
320 356
320 426
320 496
321 916
321 917
321 1511
322 1417
323 368
323 438
323 440
323 460
323 495
323 631
323 1101
323 1129
323 1308
324 396
324 419
324 452
324 948
324 989
324 1313
324 1575
325 336
325 372
325 398
325 435
325 518
325 605
325 816
325 1288
325 1334
325 1369
325 1393
325 1447
325 1560
326 446
326 781
326 965
326 1150
326 1323
327 872
327 1167
328 544
328 685
328 753
328 1242
328 1461
328 1529
329 700
329 717
329 850
329 1006
329 1204
329 1370
330 446
330 565
330 732
330 770
330 1142
330 1150
330 1384
330 1462
331 418
331 659
331 687
331 1270
331 1415
332 396
332 398
332 606
332 740
332 782
332 805
332 1134
332 1152
332 1155
332 1490
333 351
333 662
333 1017
333 1039
333 1094
333 1479
333 1522
334 350
334 1067
334 1209
335 355
335 376
335 490
335 494
335 505
335 520
335 624
335 688
335 744
335 823
335 1293
336 359
336 365
336 367
336 525
336 528
336 546
336 642
336 644
336 646
336 736
336 836
336 855
336 911
336 1002
336 1065
336 1234
336 1377
336 1409
336 1424
336 1452
337 352
337 462
337 831
337 836
337 1227
338 458
338 512
338 655
338 725
338 1158
338 1418
338 1472
338 1476
338 1500
339 403
339 404
339 427
339 452
339 627
339 663
339 711
339 845
339 1313
339 1353
339 1479
340 476
340 702
340 814
340 859
340 873
340 977
340 1357
340 1364
341 344
341 390
341 394
341 529
341 566
341 796
341 801
341 1374
342 363
342 523
342 531
342 532
342 793
342 985
342 1210
342 1416
343 1406
344 357
344 743
344 966
344 1280
344 1558
345 410
345 495
345 568
345 738
345 1057
345 1379
345 1423
345 1495
346 352
346 395
346 456
346 476
346 564
346 716
346 935
346 1084
346 1401
346 1418
346 1486
347 356
347 399
347 580
347 591
347 803
347 947
347 957
347 993
347 1001
347 1295
347 1361
348 399
348 527
348 572
348 745
348 1086
348 1094
348 1371
348 1433
349 402
349 426
349 467
349 675
349 753
349 892
349 983
350 388
350 694
350 715
350 754
350 792
351 542
351 853
351 960
351 1541
352 354
352 591
352 627
352 668
352 770
352 867
352 1126
352 1320
353 419
353 444
353 558
353 599
353 711
353 773
353 937
353 1061
353 1064
353 1065
353 1097
353 1279
353 1283
353 1326
353 1557
354 391
354 630
354 664
354 781
354 1054
354 1264
354 1324
355 652
355 1322
356 414
356 842
356 1350
357 559
357 738
357 915
357 1101
357 1213
357 1574
358 386
358 560
358 749
358 845
358 1126
358 1127
358 1470
359 542
359 884
359 1261
360 433
360 916
360 1038
360 1540
361 539
361 1061
361 1102
362 605
362 1145
363 558
363 763
363 849
363 1244
363 1287
363 1480
364 382
364 406
364 609
364 1023
364 1509
365 438
365 1015
365 1021
365 1406
365 1428
365 1472
366 1395
366 1434
367 620
367 1013
367 1188
367 1392
368 765
368 865
368 937
368 967
368 1034
369 390
369 472
369 569
369 824
369 1194
369 1569
370 444
370 715
370 1304
370 1435
371 416
371 439
371 525
371 614
371 699
371 748
371 754
371 768
371 806
371 1327
371 1515
372 378
372 416
372 437
372 482
372 542
372 553
372 772
372 1074
372 1120
372 1405
373 970
373 1100
374 851
374 1119
374 1154
374 1306
374 1534
375 465
375 477
375 502
375 556
375 751
375 787
375 810
376 401
376 579
376 583
376 776
376 847
376 870
376 904
376 975
376 1250
376 1268
377 389
377 401
377 411
377 678
377 680
377 847
377 924
377 983
377 1216
377 1217
377 1330
377 1397
377 1413
378 410
378 477
378 594
378 776
378 1054
378 1339
379 577
380 476
380 499
380 509
380 576
380 807
380 816
380 839
380 987
380 1010
380 1361
380 1527
381 495
381 694
381 718
381 792
381 833
381 971
381 1058
381 1083
382 564
382 589
382 1464
382 1530
382 1576
383 459
384 435
384 498
384 570
384 1054
384 1163
385 550
385 563
385 647
385 982
385 1122
385 1335
385 1411
385 1527
386 427
386 1489
387 514
387 589
387 787
387 1020
387 1022
387 1036
387 1128
387 1150
387 1459
388 553
388 731
389 423
390 485
390 1199
390 1356
390 1480
391 503
391 709
391 752
391 1238
391 1328
392 623
392 729
392 942
392 950
392 1165
393 749
393 920
393 1001
393 1038
393 1068
393 1105
393 1191
393 1296
394 443
395 467
395 586
395 781
395 1169
395 1184
395 1225
395 1228
395 1257
395 1262
395 1385
395 1531
396 487
396 711
396 826
396 832
396 938
396 948
396 1147
396 1222
396 1345
396 1396
396 1518
397 416
397 460
397 705
397 1166
397 1455
398 400
398 419
398 943
398 1237
398 1357
398 1389
399 455
399 470
399 646
399 773
399 923
399 1491
400 928
400 999
401 515
401 812
401 887
401 1052
401 1099
402 488
402 842
402 856
402 1019
402 1137
402 1334
402 1383
402 1578
403 882
403 904
403 1060
403 1130
403 1195
404 516
404 1215
405 1586
406 516
407 481
407 568
407 657
407 976
407 1071
407 1462
407 1499
408 516
408 643
408 958
408 1051
408 1090
408 1124
408 1175
408 1560
409 457
409 608
409 775
409 903
409 1190
409 1206
410 580
410 638
410 873
410 1039
410 1059
410 1441
411 474
411 517
411 551
411 577
411 676
411 771
411 954
411 1104
411 1237
411 1372
411 1539
412 464
412 591
412 668
412 861
412 955
412 1167
412 1499
413 442
413 513
413 758
413 826
413 893
413 910
413 951
413 1113
413 1194
413 1290
414 703
414 746
414 825
414 1140
414 1170
414 1446
415 536
415 613
415 829
415 898
415 979
415 995
415 1324
416 428
416 820
417 563
417 767
417 841
417 1053
417 1142
417 1147
417 1462
418 654
418 1302
419 471
419 548
419 714
420 621
420 675
420 692
420 820
420 848
420 856
420 877
420 923
420 1272
420 1431
420 1523
421 430
421 431
421 723
421 741
421 803
421 885
421 932
421 1079
421 1382
422 900
423 522
423 639
423 660
423 668
423 761
423 821
423 1023
423 1405
423 1438
424 741
424 1075
425 463
425 1366
426 511
426 537
426 548
426 591
426 683
426 689
426 725
426 852
426 866
426 875
426 1160
426 1402
427 530
427 768
427 772
427 819
427 849
427 964
427 973
427 1031
427 1043
427 1382
428 471
428 1007
428 1217
428 1337
429 534
429 652
429 902
430 604
430 677
430 1335
431 758
431 854
432 514
432 613
432 671
432 723
432 864
432 952
432 996
432 1063
432 1107
432 1214
432 1341
432 1462
433 471
433 689
433 964
433 974
433 1481
434 529
434 679
434 697
434 725
434 1457
435 444
435 559
435 677
435 853
435 906
435 912
435 1022
435 1114
435 1429
435 1431
435 1446
435 1498
436 648
436 842
436 986
436 1005
436 1284
436 1297
436 1531
437 549
437 558
437 642
437 670
437 681
437 1051
437 1412
437 1528
437 1559
438 454
438 535
438 615
438 639
438 641
438 736
438 751
438 761
438 996
438 1182
438 1279
438 1452
438 1527
439 588
439 1167
439 1184
439 1244
439 1575
440 497
440 609
440 969
440 1189
440 1301
440 1441
440 1573
441 721
441 836
441 855
441 881
441 1002
441 1142
441 1188
441 1423
442 461
442 744
442 1520
443 902
443 1224
443 1342
443 1484
444 630
444 753
444 756
444 944
444 1018
444 1051
444 1082
444 1314
444 1404
445 873
445 892
446 530
446 852
446 1153
446 1252
447 622
448 482
448 493
448 686
448 714
448 730
448 768
448 1314
449 596
449 691
449 696
449 1035
449 1131
449 1514
450 458
450 574
450 593
450 619
450 714
450 998
450 1157
450 1362
451 463
451 1283
451 1333
452 578
452 625
452 850
452 1004
452 1090
452 1093
452 1241
452 1375
452 1387
453 658
453 998
453 1058
453 1249
453 1517
454 460
454 540
454 690
454 809
454 970
455 485
455 521
455 657
455 742
455 903
455 989
455 1036
455 1113
455 1187
455 1225
455 1277
455 1441
455 1535
456 514
456 538
456 1220
456 1297
456 1399
457 465
457 479
457 521
457 523
457 574
457 819
457 865
457 951
457 1198
457 1256
457 1302
457 1579
458 512
458 689
458 790
458 1548
458 1577
459 504
459 564
459 1055
459 1217
459 1445
459 1451
460 484
460 704
460 1448
460 1451
461 791
461 821
461 896
461 1570
462 627
462 806
462 1020
462 1023
462 1052
462 1120
463 879
463 1047
463 1191
463 1280
463 1331
463 1475
464 538
464 583
464 594
464 733
464 757
464 858
464 1042
464 1103
464 1318
464 1555
465 496
465 498
465 647
465 685
465 940
465 1107
466 486
466 620
466 673
466 752
466 862
466 922
466 1172
466 1245
466 1291
467 505
467 565
467 735
467 768
467 908
467 941
467 1136
468 706
468 763
468 1046
468 1169
468 1255
468 1337
468 1387
468 1427
468 1477
468 1576
469 550
469 588
469 745
469 993
470 838
470 929
470 1154
470 1376
470 1554
471 721
471 838
471 878
471 921
471 1190
471 1192
472 588
472 687
472 897
472 1193
472 1305
473 743
473 916
473 1128
473 1251
473 1419
474 488
474 669
474 919
474 1308
474 1309
474 1329
475 1070
476 513
476 553
476 569
476 769
476 780
476 960
476 1032
476 1218
476 1331
476 1346
476 1528
477 491
477 556
477 1082
477 1242
477 1487
478 709
478 1065
478 1262
478 1380
478 1461
479 1131
480 1304
480 1368
481 605
481 814
481 850
481 970
481 971
481 1358
482 501
482 1221
482 1586
483 645
483 798
483 1186
483 1311
483 1409
483 1522
483 1556
483 1577
484 491
484 675
484 691
484 719
484 755
484 789
484 818
484 1072
484 1132
484 1137
484 1243
484 1252
484 1386
485 506
485 851
485 1238
486 575
486 787
486 836
486 916
486 1095
486 1235
488 678
488 728
488 731
488 910
488 1159
489 498
489 567
489 718
489 857
489 865
489 1100
489 1187
489 1223
490 690
490 822
490 942
490 1410
490 1521
491 529
491 924
491 1012
492 858
492 920
492 1108
492 1177
492 1215
492 1583
493 506
493 686
493 1159
493 1220
493 1311
493 1391
494 720
494 904
494 1040
494 1117
494 1160
494 1275
495 930
496 637
496 762
496 822
496 908
497 762
497 764
497 1372
497 1519
498 518
498 618
498 643
498 980
498 1550
499 653
499 852
499 1509
500 542
500 597
500 743
500 747
500 886
500 1299
500 1328
500 1415
500 1552
500 1581
501 545
501 631
501 945
501 1188
501 1521
501 1579
502 547
502 596
502 870
502 905
502 1084
502 1106
503 625
503 705
503 908
503 930
503 976
503 990
504 524
504 618
504 1105
504 1124
504 1408
505 636
505 719
505 1373
506 517
506 536
506 1370
507 555
507 599
507 628
507 1414
508 794
508 829
509 709
509 731
509 1066
509 1489
510 714
510 742
510 804
510 1003
510 1038
510 1105
510 1355
510 1361
511 531
511 543
511 1048
511 1147
512 837
512 913
512 1328
513 539
513 543
513 765
513 852
513 978
513 1096
513 1135
513 1238
513 1465
513 1474
514 519
514 844
514 891
514 1572
515 681
515 1116
516 618
516 625
516 810
516 954
516 1003
516 1292
517 1364
518 855
518 1025
518 1083
518 1307
518 1524
519 685
519 820
519 883
520 633
520 681
520 884
520 1274
520 1554
521 594
521 1022
521 1031
521 1292
522 603
522 973
522 1006
522 1281
523 658
523 1007
524 596
524 662
524 663
524 1072
524 1133
524 1144
524 1199
524 1423
525 572
525 599
525 646
525 767
525 853
525 1109
525 1495
525 1518
526 576
526 724
526 1102
526 1172
526 1225
526 1332
526 1370
527 748
527 764
527 980
527 1156
527 1159
527 1389
527 1445
528 597
528 858
528 860
528 1252
528 1427
529 577
529 583
529 771
529 834
529 843
529 899
529 981
529 1048
529 1254
529 1303
529 1341
529 1496
530 574
530 585
530 628
530 1493
530 1510
532 1255
533 620
533 670
533 759
533 799
533 922
533 989
533 1174
533 1365
533 1458
534 618
534 732
534 833
534 904
534 1007
534 1018
534 1112
534 1117
534 1214
534 1302
534 1551
535 681
535 835
535 867
535 942
535 948
535 957
535 1076
535 1375
536 563
536 698
536 883
536 1172
537 575
537 722
537 731
537 793
537 801
537 803
537 815
538 561
538 571
538 675
538 769
540 708
540 720
540 794
540 1010
540 1178
540 1228
540 1310
540 1410
541 818
541 823
541 880
541 1372
541 1508
541 1546
542 604
543 793
543 885
543 1334
543 1430
544 1343
544 1426
544 1514
545 669
545 871
545 925
545 960
545 1033
545 1252
546 713
546 869
546 952
546 1028
546 1046
546 1262
546 1439
546 1520
547 605
547 902
547 1273
547 1337
548 617
548 657
548 1344
549 1053
549 1083
549 1267
549 1390
550 671
550 696
551 571
551 654
551 747
552 654
552 1110
552 1140
552 1224
552 1513
553 694
553 772
553 909
553 927
553 1042
553 1281
553 1297
553 1542
554 709
554 1048
554 1330
554 1406
554 1424
555 569
555 612
555 1017
555 1441
556 562
556 566
556 644
557 864
557 1324
558 672
558 998
558 1166
558 1176
559 582
559 947
560 815
560 1112
560 1381
561 638
562 644
562 670
562 998
562 1186
562 1240
562 1268
563 653
563 773
563 874
563 1065
563 1248
564 626
564 669
564 1564
566 607
566 826
566 1447
567 620
567 630
567 1432
568 707
568 730
568 785
568 1524
568 1580
569 748
569 1156
569 1197
571 1168
571 1333
571 1467
571 1543
572 981
572 983
572 1284
572 1294
573 1289
574 651
574 804
574 1069
574 1335
574 1388
575 1551
576 730
576 749
576 1069
576 1197
576 1232
576 1377
576 1444
577 791
577 870
577 900
577 1173
578 685
578 1034
578 1132
578 1259
578 1501
579 622
579 695
579 988
579 1041
579 1117
580 623
580 1268
580 1345
580 1565
581 1014
581 1456
581 1480
582 1343
582 1407
583 891
584 1013
584 1205
585 935
585 1280
586 1007
586 1488
587 1187
587 1468
588 604
588 624
588 889
588 961
588 1008
588 1521
589 898
589 1436
590 592
590 643
590 645
590 737
590 752
590 828
590 860
590 1141
590 1157
590 1343
591 632
591 908
592 800
592 1055
592 1129
592 1140
592 1532
593 648
593 1125
593 1229
593 1300
593 1527
594 1039
594 1138
595 688
595 699
595 777
595 1457
596 816
597 776
600 646
600 670
600 838
600 843
600 846
601 837
602 634
602 981
602 1265
602 1413
603 929
603 959
603 1102
603 1566
604 1092
604 1396
605 709
605 747
605 761
605 880
605 1172
605 1356
605 1421
605 1560
606 698
606 727
606 813
606 820
606 888
606 1092
606 1191
606 1252
606 1344
606 1350
606 1400
606 1545
607 847
607 859
607 1096
607 1256
607 1338
607 1449
609 612
609 992
609 998
609 1011
609 1012
609 1015
609 1059
609 1224
610 979
611 1151
611 1443
612 739
612 930
612 1047
613 716
613 934
613 966
614 619
614 1478
614 1570
614 1577
615 789
615 1054
615 1096
615 1218
615 1521
616 671
616 763
616 785
616 968
616 1219
617 984
617 1574
618 766
618 1399
619 636
619 648
619 688
619 890
619 1250
619 1337
620 628
620 734
620 843
620 997
620 1040
620 1053
620 1081
620 1242
620 1348
620 1469
620 1477
621 914
621 1113
621 1310
621 1331
622 730
622 1319
623 627
623 992
625 677
625 713
625 735
625 1009
625 1267
625 1299
625 1331
625 1367
625 1417
626 866
627 849
627 932
627 1296
627 1508
627 1587
628 654
628 729
628 1020
628 1209
628 1243
629 663
629 849
629 1041
629 1171
629 1254
630 726
630 1125
630 1216
631 894
631 1379
632 699
632 718
632 888
632 1045
632 1066
632 1068
632 1155
632 1197
632 1308
632 1568
633 875
633 1176
633 1206
633 1223
633 1493
633 1579
634 1237
635 639
635 1045
635 1233
635 1316
635 1438
636 710
636 711
636 898
636 913
636 1091
636 1259
636 1308
637 1085
637 1317
637 1373
637 1441
638 882
638 1136
638 1585
639 1234
640 800
640 828
640 953
640 1328
640 1378
640 1407
641 943
642 1016
642 1512
642 1538
643 822
643 905
643 965
643 1364
643 1580
644 941
644 1040
644 1074
644 1125
644 1175
644 1221
644 1419
644 1482
644 1519
644 1565
645 710
645 1233
645 1553
646 705
646 996
647 1474
648 679
648 844
648 949
648 1304
648 1334
648 1488
649 738
649 940
649 1111
649 1227
649 1253
649 1492
650 710
650 813
650 1305
651 914
651 926
652 741
652 830
652 901
652 950
652 1255
653 796
653 1061
653 1205
654 730
654 939
654 1217
654 1567
655 766
655 898
655 1264
655 1312
655 1484
656 880
656 1204
656 1498
657 813
657 867
657 1093
657 1170
657 1219
657 1287
657 1383
657 1567
657 1570
658 679
658 768
658 1069
658 1381
658 1435
659 895
660 1000
660 1327
660 1505
661 779
661 1460
662 676
662 862
662 877
662 905
662 1070
662 1285
663 844
663 1555
664 735
664 737
664 799
664 1533
664 1586
665 683
665 721
665 931
665 1080
665 1257
665 1290
665 1399
665 1574
666 676
666 821
666 1570
667 725
667 1132
667 1510
668 801
669 773
669 776
669 1474
670 852
670 1389
671 954
671 1014
671 1554
672 1353
673 694
673 742
673 1364
673 1473
674 824
674 965
674 968
674 1080
674 1159
674 1470
675 766
675 828
675 901
676 750
676 802
676 811
676 1027
676 1218
677 756
677 845
677 900
677 948
677 972
677 1054
677 1587
678 881
679 734
679 927
679 1263
679 1584
680 1034
680 1286
681 707
681 1372
682 1165
683 819
683 1045
683 1226
683 1245
684 842
684 845
685 720
685 906
685 1412
685 1455
686 1199
686 1412
687 1018
687 1138
688 726
688 734
688 798
688 919
688 1077
688 1121
689 873
689 1394
690 824
690 944
690 1027
690 1115
690 1139
690 1297
690 1418
690 1471
691 1094
692 1205
692 1234
692 1316
692 1482
692 1522
693 1064
693 1066
693 1129
693 1244
693 1436
694 868
694 1200
694 1255
696 732
697 720
697 978
697 1004
697 1376
697 1536
698 711
698 1511
699 899
699 1016
699 1278
700 1129
701 929
701 984
701 1088
702 1015
702 1352
703 706
703 790
703 1222
703 1317
704 918
704 1245
704 1261
704 1269
705 794
705 1178
705 1408
706 779
706 857
706 995
706 1331
707 1457
708 1392
709 784
709 1136
709 1481
711 817
711 1015
712 795
712 1114
713 740
714 871
714 977
714 1062
714 1154
714 1248
715 990
716 752
716 1035
716 1157
716 1554
717 759
717 1145
717 1155
718 754
718 931
720 1019
721 856
721 1410
721 1545
721 1586
722 728
722 760
722 832
722 870
722 958
722 1087
722 1116
722 1391
722 1401
724 914
724 1321
724 1322
724 1583
725 923
728 854
728 1368
731 832
731 1034
732 733
732 924
732 1042
732 1088
733 783
733 837
733 1116
733 1445
734 1038
734 1168
734 1178
734 1264
735 780
735 1243
735 1295
736 746
736 869
736 1329
736 1488
737 780
737 817
737 1126
737 1487
738 981
738 995
738 1274
738 1298
738 1364
738 1499
739 750
739 1452
740 809
740 846
740 1089
740 1302
741 792
742 791
742 855
742 1009
743 771
744 786
744 912
744 1197
745 1073
745 1089
745 1120
745 1315
746 789
746 856
746 1396
747 796
747 853
747 955
748 774
748 816
748 840
748 1064
748 1106
748 1418
748 1448
748 1461
749 1090
749 1183
749 1208
749 1260
749 1440
749 1505
750 869
750 1556
751 1179
751 1360
752 1168
752 1378
752 1477
753 892
753 1178
753 1354
753 1420
754 953
754 1367
754 1478
755 912
755 1361
755 1550
756 1245
756 1306
756 1371
757 917
757 1330
757 1428
758 920
758 954
758 1273
758 1514
759 776
759 842
759 946
759 963
759 1289
759 1533
759 1547
760 818
760 1339
760 1379
761 778
761 841
761 917
761 1283
761 1541
762 832
762 1213
763 1330
763 1454
763 1546
764 1353
764 1477
765 815
765 1177
766 1199
766 1266
766 1391
766 1584
767 920
767 987
768 1494
768 1537
769 1109
769 1340
770 1123
770 1363
770 1505
772 780
772 847
772 864
773 997
773 1223
774 1069
774 1349
775 1236
775 1279
775 1286
777 1024
777 1167
779 1263
780 924
780 1115
780 1300
780 1490
781 1284
782 959
782 1269
784 902
784 1278
785 969
786 873
787 982
788 885
788 893
788 1322
789 1145
789 1473
789 1512
790 1110
790 1186
790 1544
791 846
791 1120
792 860
792 1083
792 1282
793 1276
793 1427
794 854
795 1327
795 1401
796 1092
796 1093
796 1339
797 1474
797 1515
798 808
798 942
799 1230
800 969
800 1217
801 1585
802 899
802 1123
802 1257
802 1559
803 907
804 829
804 839
804 1207
804 1439
804 1470
804 1549
805 1078
805 1463
805 1531
806 1515
807 1110
807 1169
807 1242
807 1379
808 1290
809 910
809 990
809 1236
810 1190
810 1390
811 975
811 1421
812 892
812 1247
813 1068
814 845
814 872
814 999
814 1089
814 1210
814 1271
815 1186
815 1407
817 1081
817 1473
818 1071
819 1093
819 1342
820 959
820 1122
820 1303
821 1451
821 1532
822 964
822 1154
822 1371
823 1324
824 1064
825 840
825 1338
825 1446
826 1162
827 1060
827 1345
827 1404
827 1442
827 1484
828 884
828 947
828 1180
828 1244
828 1562
828 1572
829 1055
830 878
831 1504
832 1206
833 892
833 943
833 1543
833 1556
835 1298
835 1332
836 874
836 1029
836 1151
836 1355
836 1505
837 851
837 1148
837 1202
837 1275
837 1295
837 1422
837 1477
838 991
838 1067
839 1104
839 1136
839 1143
839 1156
839 1164
839 1193
839 1392
839 1542
840 954
841 890
841 1286
841 1460
842 1018
842 1211
843 1026
844 934
844 1330
845 1165
846 1422
847 866
848 851
848 1260
848 1517
849 1225
849 1241
850 1518
851 928
851 1182
851 1226
851 1491
853 1158
854 1077
854 1277
855 915
855 1071
855 1358
855 1534
856 1107
856 1129
856 1179
856 1180
857 1352
858 1467
858 1494
860 889
860 1536
861 1044
861 1270
862 918
862 1020
862 1045
862 1067
863 909
864 1202
864 1470
864 1520
865 1109
867 1525
868 874
868 881
868 1472
869 1166
869 1260
869 1336
870 919
870 1552
871 916
871 1104
872 1015
873 886
873 1164
874 1258
874 1345
874 1416
876 1339
877 1168
877 1309
878 971
878 1204
879 1000
880 1058
880 1096
880 1203
880 1497
881 1503
882 1004
882 1198
882 1315
883 983
884 1402
884 1480
885 946
885 1035
886 903
887 957
887 1161
887 1454
887 1587
888 959
888 1519
888 1539
889 1011
890 1050
891 969
891 1286
891 1427
892 1030
892 1144
892 1396
892 1487
892 1492
893 1249
893 1365
893 1523
893 1555
895 1511
896 1310
897 983
897 1173
897 1500
902 1110
902 1158
902 1296
902 1582
903 1042
903 1385
904 1417
905 917
905 980
905 1028
905 1349
905 1380
905 1464
906 974
906 1046
906 1212
906 1307
906 1349
906 1398
906 1408
907 1031
908 1014
908 1087
908 1224
908 1331
909 972
910 920
910 1233
910 1565
912 1056
912 1085
912 1292
912 1534
913 985
913 1023
913 1233
913 1468
913 1535
914 1148
915 988
916 939
916 1063
916 1202
916 1413
917 968
917 993
917 1085
917 1175
917 1229
917 1267
921 940
921 1060
921 1321
921 1357
922 1204
924 1119
924 1196
925 928
925 1451
925 1557
926 1244
927 1013
928 1029
929 1027
929 1111
929 1130
929 1267
929 1369
929 1510
930 946
930 1253
931 1484
931 1570
932 1029
932 1049
932 1239
932 1377
934 1001
934 1061
934 1266
934 1349
934 1352
934 1448
937 1278
938 1206
938 1265
938 1467
938 1522
939 1208
939 1213
940 1117
942 1242
942 1383
945 1211
946 1571
947 960
947 1091
947 1246
947 1315
947 1340
947 1400
949 1390
949 1494
950 1066
950 1500
950 1573
953 1158
953 1407
954 1343
955 1037
955 1040
956 1134
956 1139
956 1432
956 1490
958 1318
958 1436
959 1325
959 1327
960 1033
960 1392
961 1528
962 1460
963 1276
963 1299
964 1213
964 1347
964 1495
964 1567
965 1079
965 1240
966 988
966 1126
966 1404
966 1498
966 1512
967 1581
968 1024
968 1204
971 1271
972 998
972 1021
972 1047
972 1052
972 1151
972 1196
972 1286
972 1584
973 1078
974 1185
974 1250
974 1537
975 1462
975 1585
976 1007
977 1268
978 1315
978 1408
979 985
980 1294
980 1507
980 1580
981 1050
981 1236
981 1479
982 1087
985 1127
985 1516
986 1516
987 1059
987 1413
988 1149
988 1176
988 1227
988 1319
988 1408
989 1057
989 1352
989 1362
990 1251
990 1341
990 1537
991 1153
993 1247
993 1335
993 1475
993 1569
994 1187
994 1212
994 1348
996 1011
998 1335
999 1199
1000 1582
1001 1146
1001 1268
1001 1577
1002 1119
1003 1045
1003 1198
1003 1540
1004 1437
1006 1221
1006 1568
1008 1039
1008 1050
1010 1539
1011 1420
1012 1037
1012 1216
1013 1127
1014 1228
1015 1340
1015 1386
1017 1557
1019 1041
1019 1154
1020 1179
1020 1355
1022 1063
1022 1549
1023 1247
1023 1425
1024 1026
1024 1440
1025 1132
1025 1466
1026 1147
1027 1091
1027 1207
1027 1347
1028 1137
1028 1290
1028 1296
1029 1232
1031 1319
1031 1485
1033 1080
1033 1326
1034 1425
1034 1445
1036 1060
1036 1434
1037 1152
1037 1211
1038 1058
1038 1152
1038 1303
1038 1310
1039 1149
1039 1398
1040 1360
1040 1396
1042 1285
1042 1385
1044 1309
1045 1447
1046 1067
1047 1373
1049 1272
1049 1273
1050 1558
1051 1064
1051 1183
1051 1506
1052 1122
1052 1277
1052 1351
1052 1545
1052 1553
1053 1321
1053 1472
1054 1322
1055 1150
1057 1400
1059 1063
1059 1357
1059 1402
1059 1578
1060 1216
1060 1355
1061 1586
1063 1337
1064 1445
1065 1118
1065 1245
1066 1157
1067 1293
1068 1266
1069 1117
1069 1146
1069 1289
1070 1122
1070 1124
1070 1460
1070 1585
1071 1163
1071 1415
1071 1473
1073 1323
1074 1470
1076 1348
1076 1380
1076 1449
1077 1193
1077 1538
1078 1081
1078 1166
1079 1268
1079 1502
1079 1580
1080 1161
1080 1309
1081 1141
1081 1495
1082 1316
1082 1471
1083 1317
1083 1406
1084 1566
1087 1135
1087 1312
1087 1481
1089 1226
1089 1460
1089 1497
1091 1146
1093 1191
1093 1375
1094 1104
1095 1427
1096 1190
1099 1461
1100 1538
1101 1523
1102 1581
1104 1194
1105 1121
1105 1391
1106 1213
1107 1338
1107 1386
1107 1400
1109 1347
1110 1453
1111 1312
1111 1388
1111 1439
1112 1417
1115 1567
1118 1426
1119 1254
1119 1272
1119 1418
1120 1487
1123 1289
1125 1240
1125 1244
1125 1293
1128 1250
1128 1256
1128 1429
1129 1432
1131 1227
1133 1158
1133 1408
1134 1494
1135 1378
1136 1273
1137 1148
1137 1189
1138 1155
1140 1356
1140 1409
1140 1531
1141 1301
1143 1267
1144 1212
1144 1214
1144 1253
1144 1400
1145 1151
1146 1246
1146 1249
1146 1305
1146 1507
1146 1515
1147 1458
1148 1373
1148 1463
1149 1278
1149 1504
1149 1524
1150 1240
1151 1276
1151 1404
1152 1180
1155 1463
1157 1200
1157 1259
1158 1259
1158 1561
1160 1236
1162 1463
1163 1516
1167 1404
1168 1171
1168 1571
1170 1172
1170 1179
1170 1270
1170 1486
1171 1176
1172 1455
1173 1377
1173 1414
1173 1465
1177 1512
1178 1301
1178 1336
1178 1345
1179 1527
1183 1447
1183 1539
1184 1241
1184 1547
1185 1425
1186 1221
1186 1550
1189 1478
1189 1490
1190 1476
1190 1588
1191 1222
1192 1398
1192 1432
1193 1195
1193 1395
1195 1366
1195 1450
1196 1313
1197 1509
1199 1346
1200 1208
1200 1277
1201 1585
1202 1405
1202 1525
1205 1220
1205 1257
1206 1309
1206 1323
1206 1473
1207 1220
1207 1430
1208 1218
1208 1361
1209 1512
1211 1540
1217 1368
1220 1274
1221 1305
1222 1513
1225 1545
1227 1476
1229 1319
1234 1536
1235 1456
1237 1471
1239 1326
1241 1325
1246 1283
1247 1279
1247 1302
1247 1347
1247 1371
1247 1531
1249 1365
1250 1326
1250 1380
1253 1452
1254 1526
1255 1455
1257 1443
1261 1506
1264 1402
1267 1464
1268 1309
1268 1385
1268 1393
1271 1588
1273 1369
1274 1566
1275 1446
1276 1458
1277 1549
1278 1423
1279 1577
1282 1413
1283 1534
1292 1329
1292 1433
1292 1455
1292 1558
1293 1507
1296 1328
1296 1447
1300 1354
1302 1456
1302 1503
1306 1349
1307 1587
1309 1317
1309 1444
1309 1580
1311 1535
1312 1391
1315 1394
1316 1549
1317 1397
1317 1469
1319 1334
1320 1466
1324 1509
1325 1366
1330 1573
1332 1573
1333 1363
1339 1409
1340 1370
1340 1481
1341 1369
1348 1384
1350 1401
1354 1390
1362 1506
1362 1564
1363 1468
1365 1411
1368 1500
1374 1575
1377 1450
1380 1520
1381 1515
1382 1582
1384 1433
1396 1569
1401 1420
1407 1485
1408 1523
1409 1513
1409 1563
1411 1503
1411 1564
1412 1557
1413 1442
1413 1480
1415 1502
1416 1489
1423 1522
1423 1588
1427 1535
1429 1449
1430 1431
1432 1494
1436 1529
1437 1442
1438 1538
1438 1584
1441 1466
1442 1496
1462 1569
1464 1483
1465 1509
1470 1489
1475 1513
1479 1496
1485 1544
1491 1498
1499 1548
1522 1561
1528 1568
1532 1575
1533 1547
1536 1571
1538 1541
1540 1550
1553 1568
1574 1583
