0 170
0 199
0 205
0 291
0 436
0 687
0 908
0 954
0 1110
0 1170
170 205
170 291
170 908
170 1110
170 1170
199 205
199 291
199 354
199 364
199 436
199 658
199 687
199 825
199 877
199 954
199 1182
199 1404
205 291
205 436
205 596
205 687
205 908
205 918
205 954
205 1110
205 1170
205 1182
205 1404
205 1487
291 354
291 436
291 658
291 687
291 825
291 908
291 954
291 1170
291 1182
291 1404
436 354
436 364
436 395
436 596
436 658
436 687
436 825
436 877
436 908
436 918
436 954
436 1170
436 1182
436 1404
436 1487
687 354
687 364
687 395
687 596
687 658
687 825
687 877
687 908
687 918
687 954
687 1170
687 1182
687 1404
687 1487
908 211
908 596
908 918
908 954
908 1110
908 1170
908 1182
908 1404
908 1487
954 211
954 490
954 533
954 596
954 658
954 918
954 1110
954 1170
954 1182
954 1404
954 1487
1110 172
1110 596
1110 840
1110 918
1110 1170
1110 1368
1110 1487
1110 1568
1170 211
1170 596
1170 918
1170 1182
1170 1404
1170 1487
1 287
1 412
1 435
1 555
1 620
1 634
1 867
1 913
1 1016
1 1037
1 1052
1 1062
1 1200
1 1277
1 1402
287 18
287 232
287 304
287 412
287 435
287 472
287 537
287 538
287 620
287 634
287 837
287 856
287 913
287 1037
287 1050
287 1062
287 1116
287 1200
287 1277
287 1310
412 18
412 232
412 304
412 435
412 472
412 537
412 538
412 620
412 634
412 837
412 856
412 913
412 1037
412 1050
412 1062
412 1116
412 1200
412 1277
412 1310
435 18
435 57
435 232
435 304
435 472
435 537
435 538
435 620
435 634
435 837
435 856
435 913
435 1037
435 1050
435 1062
435 1116
435 1200
435 1277
435 1310
435 1587
555 123
555 620
555 867
555 913
555 1016
555 1052
555 1200
555 1402
620 18
620 232
620 537
620 634
620 856
620 913
620 1016
620 1037
620 1052
620 1062
620 1200
620 1277
634 18
634 57
634 232
634 795
634 856
634 861
634 913
634 1037
634 1052
634 1062
634 1200
634 1277
634 1290
634 1587
867 123
867 753
867 865
867 913
867 1016
867 1052
867 1200
867 1402
913 57
913 856
913 1016
913 1037
913 1052
913 1062
913 1200
913 1277
913 1402
1016 123
1016 1052
1016 1200
1016 1402
1037 18
1037 57
1037 232
1037 304
1037 472
1037 537
1037 538
1037 837
1037 856
1037 1050
1037 1062
1037 1116
1037 1200
1037 1277
1037 1310
1037 1587
1052 123
1052 753
1052 1062
1052 1200
1052 1402
1062 18
1062 57
1062 232
1062 795
1062 856
1062 861
1062 1200
1062 1277
1062 1290
1062 1587
1200 1277
1200 1402
1277 18
1277 57
1277 232
1277 304
1277 472
1277 537
1277 538
1277 837
1277 856
1277 1050
1277 1116
1277 1310
1277 1587
1402 123
1402 753
1402 865
2 564
2 613
2 621
2 1014
2 1021
2 1164
2 1210
2 1264
564 79
564 132
564 320
564 349
564 445
564 583
564 613
564 621
564 705
564 847
564 1014
564 1021
564 1128
564 1210
564 1264
564 1274
613 79
613 132
613 320
613 349
613 445
613 583
613 621
613 705
613 735
613 847
613 1014
613 1021
613 1128
613 1210
613 1264
613 1274
621 320
621 349
621 1014
621 1021
621 1133
621 1164
621 1210
621 1264
1014 79
1014 132
1014 320
1014 349
1014 445
1014 583
1014 705
1014 735
1014 847
1014 1021
1014 1128
1014 1210
1014 1264
1014 1274
1021 320
1021 349
1021 1133
1021 1164
1021 1210
1021 1264
1164 33
1164 277
1164 312
1164 521
1164 535
1164 569
1164 725
1164 855
1164 1133
1164 1210
1164 1264
1210 320
1210 349
1210 1133
1210 1264
1264 320
1264 349
1264 1133
3 7
3 28
3 45
3 566
3 600
3 719
3 796
3 854
3 949
3 1151
3 1176
3 1269
3 1325
3 1363
3 1536
3 1560
7 28
7 272
7 566
7 600
7 716
7 719
7 796
7 1269
7 1536
7 1569
28 45
28 566
28 600
28 719
28 746
28 854
28 947
28 1151
28 1176
28 1363
28 1560
28 1567
45 183
45 325
45 566
45 719
45 746
45 947
45 989
45 1176
45 1363
45 1560
45 1567
566 600
566 719
566 746
566 854
566 947
566 1151
566 1176
566 1363
566 1560
566 1567
600 272
600 716
600 719
600 796
600 1269
600 1536
600 1569
719 746
719 854
719 947
719 1151
719 1176
719 1363
719 1560
719 1567
796 128
796 272
796 716
796 949
796 1079
796 1161
796 1269
796 1325
796 1349
796 1536
796 1569
854 949
854 1151
854 1325
854 1363
854 1560
949 1151
949 1269
949 1325
949 1363
949 1536
949 1560
1151 1325
1151 1363
1151 1560
1176 183
1176 325
1176 746
1176 947
1176 989
1176 1363
1176 1560
1176 1567
1269 128
1269 272
1269 716
1269 1079
1269 1161
1269 1325
1269 1349
1269 1536
1269 1569
1325 1363
1325 1536
1325 1560
1363 989
1363 1560
1536 128
1536 272
1536 716
1536 1079
1536 1161
1536 1349
1536 1569
1560 989
4 149
4 173
4 220
4 279
4 374
4 480
4 485
4 534
4 545
4 721
4 726
4 787
4 1103
4 1235
4 1332
4 1485
4 1584
149 173
149 220
149 279
149 374
149 480
149 485
149 534
149 545
149 612
149 721
149 787
149 1087
149 1235
149 1485
149 1584
173 220
173 221
173 279
173 374
173 480
173 485
173 534
173 545
173 721
173 726
173 787
173 1087
173 1103
173 1217
173 1235
173 1332
173 1485
173 1584
220 279
220 374
220 480
220 485
220 534
220 545
220 612
220 721
220 787
220 1087
220 1235
220 1485
220 1584
279 221
279 374
279 480
279 485
279 534
279 545
279 721
279 726
279 787
279 1087
279 1103
279 1217
279 1235
279 1332
279 1333
279 1485
279 1513
279 1584
374 480
374 485
374 534
374 545
374 612
374 721
374 787
374 1087
374 1235
374 1485
374 1584
480 485
480 534
480 545
480 721
480 726
480 787
480 1103
480 1235
480 1332
480 1485
480 1584
485 383
485 534
485 545
485 721
485 726
485 787
485 1103
485 1217
485 1235
485 1332
485 1485
485 1584
534 221
534 383
534 545
534 721
534 726
534 787
534 1103
534 1217
534 1235
534 1241
534 1332
534 1333
534 1485
534 1513
534 1584
545 221
545 721
545 726
545 787
545 1087
545 1103
545 1217
545 1235
545 1332
545 1333
545 1485
545 1513
545 1584
721 221
721 726
721 787
721 1087
721 1103
721 1217
721 1235
721 1332
721 1485
721 1584
726 294
726 360
726 383
726 511
726 787
726 1103
726 1217
726 1235
726 1241
726 1251
726 1332
726 1333
726 1485
726 1513
726 1584
787 221
787 383
787 1103
787 1217
787 1235
787 1241
787 1332
787 1333
787 1485
787 1513
787 1584
1103 294
1103 360
1103 383
1103 511
1103 1217
1103 1235
1103 1241
1103 1251
1103 1332
1103 1333
1103 1485
1103 1513
1103 1584
1235 383
1235 1217
1235 1332
1235 1485
1235 1584
1332 294
1332 360
1332 383
1332 511
1332 1217
1332 1241
1332 1251
1332 1333
1332 1485
1332 1513
1332 1584
1485 221
1485 383
1485 1217
1485 1241
1485 1333
1485 1513
1485 1584
5 337
5 397
5 499
5 577
5 592
5 607
5 666
5 948
5 956
5 1042
5 1306
5 1352
5 1462
5 1511
337 335
337 397
337 499
337 577
337 592
337 607
337 666
337 788
337 839
337 948
337 956
337 1042
337 1193
337 1306
337 1364
337 1462
337 1511
397 40
397 188
397 335
397 487
397 512
397 607
397 678
397 788
397 873
397 948
397 956
397 1042
397 1193
397 1364
397 1462
397 1478
397 1505
397 1511
499 420
499 577
499 592
499 607
499 666
499 839
499 948
499 956
499 1268
499 1306
499 1399
499 1462
499 1476
499 1483
499 1511
577 420
577 592
577 607
577 666
577 839
577 948
577 956
577 1268
577 1306
577 1399
577 1462
577 1476
577 1483
577 1511
592 607
592 666
592 948
592 1042
592 1352
592 1462
607 666
607 678
607 948
607 1042
607 1352
607 1462
666 420
666 839
666 948
666 956
666 1268
666 1306
666 1399
666 1462
666 1476
666 1483
666 1511
948 40
948 335
948 678
948 788
948 956
948 1042
948 1193
948 1352
948 1364
948 1462
948 1511
956 188
956 335
956 487
956 788
956 839
956 1193
956 1268
956 1306
956 1364
956 1447
956 1462
956 1483
956 1511
956 1527
1042 678
1042 1098
1042 1136
1042 1220
1042 1352
1042 1462
1306 39
1306 348
1306 420
1306 492
1306 531
1306 645
1306 781
1306 789
1306 839
1306 1268
1306 1301
1306 1399
1306 1462
1306 1476
1306 1483
1306 1511
1306 1526
1352 678
1352 1136
1462 335
1462 788
1462 839
1462 1193
1462 1364
1462 1511
1511 188
1511 335
1511 487
1511 788
1511 839
1511 1193
1511 1268
1511 1364
1511 1447
1511 1483
1511 1527
6 80
6 136
6 427
6 668
6 1156
6 1180
6 1187
6 1228
6 1315
80 226
80 250
80 345
80 368
80 427
80 650
80 656
80 668
80 864
80 904
80 1156
80 1180
80 1187
80 1315
80 1346
80 1378
80 1550
136 427
136 947
136 1156
136 1180
136 1187
136 1228
136 1315
136 1567
427 650
427 668
427 733
427 750
427 864
427 1156
427 1180
427 1187
427 1228
427 1315
668 226
668 250
668 345
668 368
668 650
668 656
668 864
668 904
668 1156
668 1180
668 1187
668 1315
668 1346
668 1378
668 1550
1156 650
1156 733
1156 750
1156 864
1156 1180
1156 1187
1156 1228
1156 1315
1180 650
1180 733
1180 750
1180 864
1180 1187
1180 1228
1180 1315
1187 1228
1187 1315
1228 947
1228 1315
1228 1567
1315 226
1315 250
1315 650
1315 656
1315 864
1315 1346
1315 1378
272 128
272 986
272 1049
272 1079
272 1161
272 1259
272 1349
272 1569
716 250
716 656
716 1346
716 1378
1569 128
1569 986
1569 1049
1569 1079
1569 1161
1569 1259
1569 1349
8 56
8 237
8 444
8 464
8 481
8 502
8 510
8 659
8 773
8 834
8 1173
8 1474
8 1497
56 78
56 97
56 237
56 444
56 464
56 502
56 510
56 560
56 659
56 773
56 834
56 926
56 1173
56 1474
56 1497
237 156
237 444
237 481
237 502
237 510
237 659
237 773
237 790
237 834
237 1007
237 1023
237 1173
237 1316
237 1474
237 1497
444 464
444 481
444 502
444 510
444 659
444 773
444 834
444 1173
444 1474
444 1497
464 78
464 242
464 465
464 510
464 544
464 773
464 1173
464 1474
481 72
481 483
481 594
481 659
481 773
481 790
481 1007
481 1023
481 1461
481 1474
481 1523
502 510
502 560
502 659
502 834
502 1173
502 1316
502 1497
510 78
510 560
510 659
510 773
510 1173
510 1474
510 1497
659 483
659 773
659 790
659 834
659 1007
659 1023
659 1173
659 1316
659 1461
659 1474
659 1497
773 1173
773 1474
773 1497
834 156
834 1007
834 1023
834 1316
834 1497
1173 78
1173 560
1173 1474
1173 1497
1474 1497
1497 560
1497 1316
9 161
9 470
9 505
9 518
9 684
9 701
9 912
9 919
9 931
9 1002
9 1035
9 1085
9 1112
9 1154
9 1175
9 1291
9 1506
9 1532
161 31
161 334
161 340
161 400
161 518
161 644
161 851
161 919
161 959
161 1060
161 1064
161 1085
161 1154
161 1285
161 1506
470 209
470 281
470 296
470 300
470 505
470 518
470 684
470 701
470 912
470 1002
470 1035
470 1112
470 1175
470 1291
470 1318
470 1532
470 1552
505 300
505 518
505 684
505 701
505 912
505 919
505 931
505 1002
505 1035
505 1112
505 1154
505 1175
505 1291
505 1532
505 1552
518 684
518 912
518 919
518 931
518 959
518 1002
518 1035
518 1064
518 1085
518 1112
518 1154
518 1175
518 1291
518 1506
518 1532
518 1552
684 912
684 919
684 931
684 1002
684 1035
684 1154
684 1175
684 1532
684 1552
701 281
701 296
701 300
701 912
701 1035
701 1112
701 1175
701 1291
701 1318
701 1532
912 209
912 281
912 296
912 300
912 931
912 1002
912 1035
912 1112
912 1175
912 1291
912 1318
912 1532
912 1552
919 340
919 644
919 931
919 959
919 1002
919 1060
919 1064
919 1085
919 1154
919 1175
919 1506
919 1532
931 959
931 1002
931 1035
931 1064
931 1085
931 1154
931 1175
931 1506
931 1532
931 1552
1002 1035
1002 1154
1002 1175
1002 1532
1002 1552
1035 209
1035 281
1035 296
1035 300
1035 1112
1035 1175
1035 1291
1035 1318
1035 1532
1035 1552
1085 31
1085 340
1085 400
1085 644
1085 959
1085 1060
1085 1064
1085 1154
1085 1285
1085 1506
1112 281
1112 296
1112 300
1112 1175
1112 1291
1112 1318
1112 1532
1154 644
1154 959
1154 1060
1154 1064
1154 1175
1154 1506
1154 1532
1175 300
1175 1291
1175 1532
1175 1552
1291 281
1291 296
1291 300
1291 1318
1291 1532
1506 31
1506 340
1506 400
1506 644
1506 959
1506 1060
1506 1064
1506 1285
1532 300
1532 1552
10 27
10 29
10 51
10 268
10 500
10 556
10 574
10 632
10 915
10 1045
10 1129
10 1131
10 1132
10 1141
10 1535
10 1563
27 51
27 268
27 449
27 500
27 556
27 574
27 632
27 915
27 1045
27 1129
27 1132
27 1141
27 1218
27 1405
27 1563
29 51
29 574
29 723
29 731
29 963
29 1129
29 1131
29 1132
29 1179
29 1194
29 1250
29 1348
29 1428
29 1535
51 439
51 556
51 574
51 747
51 1132
51 1141
51 1358
51 1397
51 1535
51 1563
268 14
268 449
268 500
268 530
268 556
268 559
268 599
268 602
268 677
268 778
268 915
268 1045
268 1141
268 1178
268 1405
268 1563
268 1564
500 513
500 556
500 574
500 632
500 764
500 915
500 1045
500 1129
500 1131
500 1218
500 1261
500 1339
500 1420
556 449
556 574
556 632
556 915
556 1045
556 1129
556 1132
556 1141
556 1218
556 1405
556 1563
574 632
574 731
574 915
574 1045
574 1129
574 1131
574 1132
574 1194
574 1218
574 1261
574 1348
574 1420
574 1535
632 83
632 513
632 731
632 764
632 915
632 1045
632 1129
632 1131
632 1194
632 1218
632 1261
632 1339
632 1420
915 14
915 449
915 530
915 1045
915 1141
915 1218
915 1339
915 1405
915 1563
1045 83
1045 449
1045 513
1045 764
1045 835
1045 1129
1045 1218
1045 1339
1045 1405
1045 1420
1129 513
1129 731
1129 764
1129 1131
1129 1194
1129 1218
1129 1250
1129 1261
1129 1348
1129 1420
1129 1535
1131 723
1131 731
1131 1179
1131 1194
1131 1250
1131 1261
1131 1348
1131 1420
1131 1428
1131 1535
1132 439
1132 747
1132 1141
1132 1358
1132 1397
1132 1535
1132 1563
1141 14
1141 449
1141 530
1141 559
1141 599
1141 602
1141 677
1141 747
1141 778
1141 1020
1141 1178
1141 1358
1141 1405
1141 1563
1141 1564
1535 723
1535 731
1535 963
1535 1179
1535 1194
1535 1250
1535 1348
1535 1428
1563 14
1563 449
1563 530
1563 559
1563 599
1563 602
1563 677
1563 747
1563 778
1563 1020
1563 1178
1563 1358
1563 1405
1563 1564
11 85
11 138
11 247
11 270
11 309
11 350
11 581
11 816
11 1122
11 1153
11 1165
11 1285
11 1319
11 1576
85 247
85 270
85 309
85 350
85 581
85 733
85 750
85 1285
85 1319
85 1576
138 581
138 816
138 1122
138 1153
138 1165
247 270
247 309
247 350
247 581
247 733
247 750
247 1319
247 1576
270 309
270 350
270 581
270 733
270 750
270 1319
270 1576
309 350
309 581
309 644
309 1060
309 1285
309 1319
309 1576
350 581
350 644
350 1060
350 1285
350 1319
350 1576
581 816
581 1122
581 1153
581 1165
581 1285
581 1319
581 1576
816 1122
816 1153
816 1165
816 1319
1122 1153
1122 1165
1153 1165
1153 1319
1285 31
1285 340
1285 400
1285 644
1285 959
1285 1060
1285 1064
1285 1319
1285 1576
1319 340
1319 644
1319 1060
1319 1576
1576 733
1576 750
12 23
12 44
12 55
12 407
12 641
12 770
12 819
12 899
12 965
12 993
12 1221
12 1222
12 1307
12 1340
12 1360
12 1412
12 1450
12 1516
23 44
23 55
23 111
23 407
23 641
23 770
23 819
23 841
23 899
23 965
23 993
23 1033
23 1058
23 1091
23 1222
23 1307
23 1340
23 1412
23 1426
23 1450
23 1516
44 111
44 407
44 770
44 819
44 841
44 965
44 1033
44 1058
44 1091
44 1222
44 1307
44 1426
44 1516
44 1524
55 311
55 641
55 770
55 819
55 841
55 899
55 965
55 993
55 1033
55 1091
55 1221
55 1222
55 1307
55 1340
55 1412
55 1450
407 111
407 770
407 819
407 841
407 965
407 1033
407 1058
407 1091
407 1222
407 1307
407 1426
407 1516
407 1524
641 311
641 770
641 819
641 841
641 899
641 965
641 993
641 1033
641 1091
641 1221
641 1222
641 1307
641 1340
641 1412
641 1450
770 819
770 841
770 899
770 965
770 993
770 1033
770 1058
770 1091
770 1222
770 1307
770 1340
770 1412
770 1426
770 1450
770 1516
770 1524
819 111
819 841
819 899
819 965
819 993
819 1033
819 1058
819 1091
819 1222
819 1307
819 1340
819 1412
819 1426
819 1450
819 1516
899 311
899 841
899 965
899 993
899 1033
899 1091
899 1221
899 1222
899 1307
899 1340
899 1412
899 1450
965 841
965 993
965 1033
965 1058
965 1091
965 1222
965 1307
965 1340
965 1412
965 1426
965 1450
965 1516
965 1524
993 311
993 841
993 1033
993 1091
993 1221
993 1222
993 1307
993 1340
993 1412
993 1450
1221 92
1221 303
1221 311
1221 649
1221 812
1221 967
1221 1162
1221 1222
1221 1280
1221 1307
1221 1340
1221 1360
1221 1361
1221 1412
1221 1450
1221 1489
1222 311
1222 841
1222 1033
1222 1091
1222 1307
1222 1340
1222 1360
1222 1412
1222 1450
1222 1516
1307 1340
1307 1360
1307 1412
1307 1450
1307 1516
1340 311
1340 841
1340 1033
1340 1091
1340 1412
1340 1450
1360 92
1360 303
1360 311
1360 649
1360 812
1360 967
1360 1280
1360 1361
1360 1450
1360 1489
1412 311
1412 841
1412 1033
1412 1091
1412 1450
1450 92
1450 311
1450 812
1450 967
1450 1361
1450 1489
1516 111
1516 841
1516 1033
1516 1058
1516 1091
1516 1426
1516 1524
13 52
13 115
13 154
13 370
13 395
13 399
13 404
13 646
13 663
13 688
13 695
13 917
13 937
13 975
13 1107
13 1114
13 1233
13 1263
13 1273
13 1297
13 1317
13 1554
52 115
52 154
52 251
52 370
52 399
52 404
52 525
52 646
52 663
52 695
52 917
52 937
52 975
52 1107
52 1114
52 1233
52 1263
52 1273
52 1297
52 1317
52 1554
115 46
115 251
115 370
115 399
115 404
115 525
115 646
115 663
115 695
115 917
115 937
115 975
115 1107
115 1114
115 1233
115 1273
115 1494
115 1554
154 212
154 338
154 399
154 404
154 497
154 646
154 688
154 718
154 730
154 893
154 937
154 975
154 1082
154 1088
154 1152
154 1263
154 1297
154 1317
154 1324
370 46
370 140
370 251
370 399
370 404
370 525
370 663
370 695
370 917
370 937
370 1107
370 1114
370 1233
370 1273
370 1445
370 1494
370 1554
395 354
395 364
395 399
395 658
395 688
395 730
395 825
395 877
395 1182
395 1263
395 1297
395 1317
395 1404
399 404
399 646
399 663
399 688
399 695
399 917
399 937
399 975
399 1107
399 1114
399 1233
399 1263
399 1273
399 1297
399 1317
399 1554
404 251
404 525
404 646
404 663
404 718
404 917
404 937
404 975
404 1107
404 1114
404 1233
404 1263
404 1273
404 1317
404 1554
646 212
646 338
646 497
646 663
646 688
646 718
646 893
646 917
646 937
646 975
646 1082
646 1088
646 1107
646 1152
646 1233
646 1263
646 1273
646 1297
646 1317
646 1324
646 1554
663 251
663 525
663 695
663 917
663 937
663 1107
663 1114
663 1233
663 1263
663 1273
663 1317
663 1494
663 1554
688 212
688 338
688 354
688 364
688 497
688 658
688 730
688 825
688 877
688 893
688 1082
688 1152
688 1263
688 1297
688 1317
688 1324
695 46
695 140
695 251
695 525
695 917
695 1107
695 1114
695 1233
695 1273
695 1494
695 1554
917 251
917 525
917 937
917 1107
917 1114
917 1233
917 1263
917 1273
917 1317
917 1494
917 1554
937 251
937 525
937 718
937 975
937 1107
937 1114
937 1233
937 1263
937 1273
937 1317
937 1554
975 163
975 338
975 497
975 718
975 893
975 1088
975 1263
975 1273
975 1297
975 1317
975 1324
1107 251
1107 525
1107 1114
1107 1233
1107 1263
1107 1273
1107 1317
1107 1494
1107 1554
1114 46
1114 140
1114 251
1114 525
1114 1233
1114 1273
1114 1445
1114 1494
1114 1554
1233 251
1233 525
1233 1263
1233 1273
1233 1317
1233 1494
1233 1554
1263 212
1263 338
1263 497
1263 730
1263 877
1263 893
1263 1082
1263 1152
1263 1297
1263 1317
1263 1324
1263 1554
1273 46
1273 251
1273 525
1273 1494
1273 1554
1297 212
1297 338
1297 364
1297 497
1297 730
1297 877
1297 893
1297 1082
1297 1088
1297 1152
1297 1317
1297 1324
1317 212
1317 338
1317 497
1317 730
1317 877
1317 893
1317 1082
1317 1152
1317 1324
1317 1554
1554 251
1554 525
1554 1494
14 449
14 453
14 530
14 559
14 599
14 602
14 677
14 778
14 1020
14 1178
14 1405
14 1564
449 530
449 559
449 599
449 602
449 677
449 778
449 1405
449 1564
453 530
453 559
453 599
453 602
453 626
453 677
453 778
453 1020
453 1178
453 1278
453 1564
530 559
530 599
530 602
530 677
530 778
530 1020
530 1178
530 1405
530 1564
559 599
559 602
559 677
559 747
559 778
559 1020
559 1178
559 1278
559 1405
559 1564
599 602
599 677
599 747
599 778
599 1020
599 1178
599 1278
599 1405
599 1564
602 677
602 747
602 778
602 1020
602 1178
602 1278
602 1405
602 1564
677 778
677 1020
677 1178
677 1278
677 1405
677 1564
778 1020
778 1178
778 1278
778 1405
778 1564
1020 22
1020 626
1020 747
1020 1178
1020 1278
1020 1564
1178 22
1178 187
1178 624
1178 747
1178 1358
1178 1564
1405 1564
1564 747
1564 1278
15 68
15 152
15 310
15 372
15 549
15 571
15 678
15 824
15 1098
15 1136
15 1220
15 1298
15 1512
15 1533
15 1539
68 152
68 278
68 310
68 372
68 512
68 549
68 571
68 678
68 824
68 873
68 944
68 1098
68 1136
68 1220
68 1298
68 1478
68 1512
68 1533
68 1539
152 114
152 278
152 310
152 372
152 549
152 571
152 824
152 944
152 1098
152 1220
152 1298
152 1344
152 1512
152 1533
152 1539
310 114
310 278
310 372
310 549
310 571
310 824
310 944
310 1098
310 1220
310 1298
310 1344
310 1512
310 1533
310 1539
372 278
372 549
372 571
372 710
372 822
372 824
372 944
372 1098
372 1136
372 1220
372 1298
372 1344
372 1512
372 1533
372 1539
549 114
549 278
549 326
549 571
549 710
549 822
549 897
549 935
549 944
549 1344
549 1377
549 1512
549 1533
549 1539
549 1566
571 678
571 822
571 824
571 1098
571 1136
571 1220
571 1298
571 1512
571 1539
678 40
678 512
678 824
678 873
678 1098
678 1136
678 1220
678 1298
678 1478
678 1512
678 1539
824 40
824 512
824 873
824 1098
824 1136
824 1220
824 1298
824 1478
824 1512
824 1533
824 1539
1098 512
1098 873
1098 1136
1098 1220
1098 1298
1098 1478
1098 1512
1098 1539
1136 1220
1136 1298
1136 1512
1136 1539
1220 512
1220 873
1220 1298
1220 1478
1220 1512
1220 1539
1298 40
1298 512
1298 873
1298 1478
1298 1512
1298 1533
1298 1539
1512 822
1512 1539
1533 114
1533 278
1533 944
1533 1344
1533 1539
16 148
16 421
16 466
16 553
16 554
16 702
16 1099
16 1334
16 1384
16 1439
16 1452
148 162
148 421
148 553
148 554
148 702
148 759
148 1099
148 1334
148 1384
148 1548
421 162
421 553
421 554
421 702
421 759
421 1099
421 1334
421 1384
421 1439
421 1452
421 1548
466 98
466 102
466 605
466 628
466 748
466 1099
466 1106
466 1108
466 1113
466 1334
466 1380
466 1439
466 1452
466 1565
553 162
553 554
553 702
553 1099
553 1334
553 1384
553 1439
553 1452
553 1548
554 162
554 702
554 759
554 1099
554 1334
554 1384
554 1548
702 162
702 1099
702 1334
702 1384
702 1439
702 1452
702 1548
1099 1334
1099 1384
1099 1439
1099 1452
1099 1548
1334 1384
1334 1439
1334 1452
1334 1548
1384 162
1384 1439
1384 1452
1384 1548
1439 1452
1439 1548
1452 1106
1452 1108
17 322
17 323
17 329
17 438
17 451
17 565
17 974
17 1075
17 1196
17 1248
17 1270
17 1314
17 1458
322 323
322 329
322 438
322 451
322 565
322 974
322 1075
322 1196
322 1248
322 1270
322 1314
322 1458
323 329
323 438
323 451
323 565
323 974
323 1075
323 1196
323 1248
323 1270
323 1314
323 1458
329 438
329 451
329 565
329 974
329 1075
329 1196
329 1248
329 1270
329 1314
329 1458
438 451
438 565
438 974
438 1075
438 1196
438 1248
438 1270
438 1314
438 1458
451 486
451 565
451 974
451 1075
451 1196
451 1248
451 1270
451 1314
451 1458
565 165
565 202
565 486
565 1075
565 1171
565 1196
565 1248
565 1314
565 1458
974 98
974 102
974 628
974 748
974 1075
974 1113
974 1196
974 1270
974 1314
974 1380
974 1458
974 1565
1075 1196
1075 1248
1075 1270
1075 1314
1075 1458
1196 202
1196 486
1196 1248
1196 1270
1196 1314
1196 1458
1248 165
1248 202
1248 486
1248 1171
1248 1314
1248 1458
1270 98
1270 102
1270 628
1270 748
1270 1113
1270 1314
1270 1380
1270 1458
1270 1565
1314 1458
18 232
18 304
18 472
18 537
18 538
18 706
18 744
18 837
18 856
18 862
18 898
18 1050
18 1116
18 1310
18 1585
18 1587
232 304
232 472
232 537
232 538
232 706
232 744
232 837
232 856
232 862
232 898
232 1050
232 1116
232 1310
232 1585
232 1587
304 472
304 537
304 538
304 706
304 744
304 837
304 862
304 898
304 1050
304 1116
304 1192
304 1310
304 1547
304 1585
472 537
472 538
472 706
472 744
472 837
472 856
472 862
472 898
472 1050
472 1116
472 1192
472 1310
472 1547
472 1585
537 538
537 706
537 744
537 837
537 856
537 862
537 898
537 1050
537 1116
537 1310
537 1585
538 706
538 744
538 837
538 862
538 898
538 1050
538 1116
538 1192
538 1310
538 1547
538 1585
706 642
706 744
706 777
706 837
706 862
706 898
706 1019
706 1050
706 1116
706 1123
706 1192
706 1310
706 1547
706 1585
744 642
744 777
744 837
744 862
744 898
744 1019
744 1050
744 1116
744 1123
744 1192
744 1310
744 1547
744 1585
837 856
837 862
837 898
837 1050
837 1116
837 1192
837 1310
837 1547
837 1585
856 57
856 1050
856 1310
856 1587
862 642
862 777
862 898
862 1019
862 1050
862 1116
862 1123
862 1192
862 1310
862 1547
862 1585
898 1050
898 1116
898 1192
898 1310
898 1547
898 1585
1050 1116
1050 1192
1050 1310
1050 1547
1050 1585
1116 1192
1116 1310
1116 1547
1116 1585
1310 1192
1310 1547
1310 1585
1585 1192
1585 1547
1587 57
1587 488
1587 580
1587 795
1587 861
1587 1256
1587 1290
19 124
19 172
19 448
19 523
19 563
19 805
19 840
19 922
19 1359
19 1368
19 1391
19 1503
19 1568
124 172
124 694
124 805
124 840
124 905
124 1055
124 1276
124 1359
124 1368
124 1381
124 1463
124 1503
124 1568
172 448
172 694
172 805
172 840
172 1055
172 1276
172 1359
172 1368
172 1463
172 1503
172 1568
448 25
448 493
448 523
448 563
448 616
448 775
448 805
448 922
448 1096
448 1359
448 1368
448 1391
448 1503
523 25
523 563
523 616
523 805
523 922
523 1096
523 1359
523 1391
523 1503
563 25
563 493
563 616
563 775
563 805
563 922
563 996
563 1096
563 1359
563 1391
563 1503
805 840
805 922
805 1359
805 1368
805 1391
805 1503
805 1568
840 694
840 1055
840 1276
840 1359
840 1368
840 1381
840 1463
840 1503
840 1568
922 25
922 616
922 1096
922 1359
922 1391
922 1503
1359 1055
1359 1368
1359 1391
1359 1503
1359 1568
1368 694
1368 1055
1368 1276
1368 1463
1368 1503
1368 1568
1391 25
1391 493
1391 616
1391 775
1391 996
1391 1096
1391 1503
1503 1055
1503 1568
1568 694
1568 1055
1568 1276
1568 1381
1568 1463
20 38
20 64
20 191
20 230
20 258
20 474
20 943
20 991
20 1066
20 1226
20 1272
20 1320
20 1329
20 1417
20 1464
38 64
38 230
38 258
38 474
38 943
38 991
38 1018
38 1066
38 1226
38 1272
38 1320
38 1329
38 1417
38 1464
64 230
64 258
64 474
64 943
64 991
64 1038
64 1066
64 1226
64 1272
64 1329
64 1417
64 1464
191 88
191 230
191 626
191 836
191 1278
191 1320
230 22
230 258
230 474
230 943
230 991
230 1226
230 1328
230 1329
230 1464
258 474
258 943
258 991
258 1066
258 1226
258 1272
258 1329
258 1417
258 1464
474 22
474 69
474 943
474 991
474 1226
474 1272
474 1326
474 1328
474 1329
474 1417
474 1464
943 991
943 1018
943 1066
943 1226
943 1272
943 1320
943 1329
943 1417
943 1464
991 1018
991 1066
991 1226
991 1272
991 1320
991 1329
991 1417
991 1464
1066 252
1066 417
1066 507
1066 921
1066 1018
1066 1038
1066 1226
1066 1230
1066 1272
1066 1320
1066 1338
1066 1401
1066 1417
1066 1464
1066 1507
1226 1018
1226 1272
1226 1320
1226 1329
1226 1417
1226 1464
1272 1038
1272 1329
1272 1417
1272 1464
1320 88
1320 417
1320 507
1320 570
1320 586
1320 647
1320 836
1320 844
1320 1018
1320 1464
1320 1507
1329 1417
1329 1464
1417 1038
1417 1464
1464 1018
21 43
21 66
21 110
21 131
21 217
21 403
21 690
21 799
21 863
21 1069
21 1211
21 1213
21 1323
21 1365
21 1385
21 1411
21 1481
43 66
43 110
43 131
43 217
43 403
43 690
43 799
43 863
43 1069
43 1211
43 1213
43 1323
43 1365
43 1385
43 1411
43 1481
66 131
66 238
66 403
66 799
66 863
66 1069
66 1223
66 1323
66 1365
66 1411
66 1427
110 131
110 217
110 403
110 690
110 799
110 1069
110 1211
110 1213
110 1365
110 1385
110 1411
110 1432
110 1465
110 1481
110 1502
131 217
131 403
131 690
131 799
131 863
131 1069
131 1211
131 1213
131 1323
131 1365
131 1385
131 1411
131 1481
217 403
217 690
217 799
217 1069
217 1211
217 1213
217 1365
217 1385
217 1411
217 1432
217 1465
217 1481
217 1502
403 690
403 799
403 863
403 1069
403 1211
403 1213
403 1323
403 1365
403 1385
403 1411
403 1481
690 1211
690 1213
690 1385
690 1432
690 1465
690 1481
799 863
799 1069
799 1211
799 1223
799 1323
799 1365
799 1385
799 1411
799 1427
799 1481
799 1502
863 238
863 736
863 1069
863 1223
863 1323
863 1385
863 1427
863 1475
863 1481
1069 1211
1069 1223
1069 1323
1069 1365
1069 1385
1069 1411
1069 1427
1069 1481
1069 1502
1211 1213
1211 1365
1211 1411
1211 1432
1211 1465
1211 1481
1211 1502
1213 1385
1213 1432
1213 1465
1213 1481
1323 238
1323 1223
1323 1365
1323 1385
1323 1411
1323 1427
1365 1411
1365 1502
1385 1481
1411 1502
1481 1432
1481 1465
22 69
22 187
22 624
22 664
22 685
22 747
22 1326
22 1328
22 1358
69 187
69 624
69 664
69 685
69 1326
69 1328
69 1358
69 1397
187 439
187 624
187 664
187 685
187 747
187 1326
187 1328
187 1358
187 1397
624 439
624 664
624 685
624 747
624 1326
624 1328
624 1358
624 1397
664 439
664 685
664 747
664 1326
664 1328
664 1358
664 1397
685 439
685 747
685 1326
685 1328
685 1358
685 1397
747 439
747 1328
747 1358
747 1397
1326 1328
1326 1358
1326 1397
1328 1358
1328 1397
1358 439
1358 1397
111 391
111 841
111 1033
111 1058
111 1091
111 1426
111 1524
841 1033
841 1058
841 1091
841 1426
841 1524
1033 1058
1033 1091
1033 1426
1033 1524
1058 391
1058 1091
1058 1426
1058 1524
1091 1426
1091 1524
1426 391
1426 1524
24 77
24 264
24 307
24 324
24 461
24 541
24 756
24 890
24 895
24 1351
24 1371
77 307
77 379
77 548
77 757
77 890
77 895
77 1006
77 1143
77 1232
77 1347
77 1351
264 324
264 461
264 541
264 756
264 890
264 1351
264 1371
307 379
307 548
307 890
307 895
307 1143
307 1347
307 1351
307 1410
324 461
324 541
324 756
324 890
324 1351
324 1371
461 541
461 756
461 890
461 1351
461 1371
541 166
541 756
541 832
541 1208
541 1253
541 1351
541 1371
541 1518
541 1529
756 166
756 832
756 1208
756 1253
756 1351
756 1371
756 1518
756 1529
890 379
890 895
890 1006
890 1143
890 1347
890 1351
890 1371
895 379
895 548
895 757
895 1006
895 1143
895 1232
895 1347
895 1351
1351 1371
1371 1208
1371 1518
25 189
25 493
25 616
25 775
25 996
25 1076
25 1096
25 1528
189 186
189 290
189 356
189 371
189 496
189 616
189 660
189 842
189 996
189 1076
189 1096
189 1528
493 496
493 616
493 775
493 996
493 1076
493 1096
616 496
616 775
616 996
616 1076
616 1096
616 1528
775 496
775 996
775 1076
775 1096
996 186
996 371
996 496
996 660
996 842
996 1076
996 1096
996 1528
1076 186
1076 290
1076 356
1076 371
1076 496
1076 536
1076 660
1076 842
1076 1096
1076 1528
1096 496
1096 1528
1528 186
1528 290
1528 356
1528 371
1528 496
1528 660
1528 842
26 49
26 65
26 373
26 557
26 588
26 597
26 606
26 742
26 745
26 818
26 911
26 927
26 1015
26 1236
26 1245
26 1366
26 1479
26 1517
49 65
49 106
49 373
49 423
49 557
49 588
49 597
49 606
49 742
49 745
49 818
49 911
49 927
49 1015
49 1236
49 1245
49 1366
49 1479
65 207
65 275
65 373
65 423
65 557
65 588
65 821
65 911
65 1191
65 1209
65 1236
65 1245
65 1299
65 1479
373 106
373 557
373 588
373 597
373 606
373 742
373 745
373 818
373 911
373 927
373 1015
373 1236
373 1245
373 1366
373 1479
557 76
557 106
557 423
557 584
557 588
557 742
557 745
557 785
557 859
557 911
557 927
557 1015
557 1084
557 1236
557 1245
557 1479
557 1575
588 207
588 275
588 423
588 821
588 911
588 1191
588 1209
588 1236
588 1245
588 1299
588 1479
597 606
597 742
597 745
597 818
597 911
597 927
597 1003
597 1015
597 1203
597 1236
597 1366
597 1517
606 742
606 745
606 818
606 911
606 927
606 1003
606 1015
606 1203
606 1236
606 1366
606 1517
742 81
742 106
742 540
742 745
742 785
742 859
742 911
742 927
742 946
742 951
742 977
742 1015
742 1236
742 1245
742 1366
742 1479
745 81
745 106
745 540
745 785
745 859
745 911
745 927
745 946
745 951
745 977
745 1015
745 1236
745 1245
745 1366
745 1479
818 911
818 927
818 1236
818 1366
818 1517
911 106
911 927
911 1015
911 1236
911 1245
911 1366
911 1479
927 106
927 1015
927 1236
927 1245
927 1366
927 1479
927 1517
1015 81
1015 106
1015 540
1015 785
1015 859
1015 946
1015 951
1015 977
1015 1236
1015 1245
1015 1366
1015 1479
1236 106
1236 1245
1236 1366
1236 1479
1245 76
1245 106
1245 423
1245 584
1245 785
1245 859
1245 1084
1245 1479
1245 1575
1366 1003
1366 1203
1366 1517
1479 76
1479 106
1479 423
1479 584
1479 785
1479 859
1479 1084
1479 1575
1517 1003
1517 1203
1218 83
1218 513
1218 764
1218 835
1218 1261
1218 1339
1218 1370
1218 1420
746 183
746 325
746 561
746 808
746 947
746 958
746 989
746 1567
947 183
947 325
947 1567
1567 183
1567 325
723 134
723 276
723 426
723 731
723 963
723 1179
723 1194
723 1250
723 1348
723 1428
731 1179
731 1194
731 1250
731 1261
731 1348
731 1420
731 1428
963 134
963 196
963 276
963 375
963 426
963 558
963 1179
963 1250
963 1348
963 1428
1179 134
1179 276
1179 426
1179 1194
1179 1250
1179 1348
1179 1428
1194 1250
1194 1261
1194 1348
1194 1420
1194 1428
1250 134
1250 1261
1250 1348
1250 1428
1348 134
1348 1261
1348 1428
1428 134
1428 196
1428 276
1428 426
30 103
30 133
30 235
30 457
30 478
30 568
30 762
30 830
30 907
30 1138
30 1390
30 1403
103 108
103 133
103 478
103 830
103 910
103 1135
103 1138
103 1188
133 208
133 457
133 478
133 762
133 830
133 1130
133 1138
133 1390
133 1403
235 457
235 568
235 728
235 780
235 907
235 925
235 1390
235 1403
235 1480
457 478
457 568
457 762
457 907
457 1138
457 1390
457 1403
478 208
478 762
478 830
478 907
478 1130
478 1138
478 1390
478 1403
568 728
568 780
568 907
568 925
568 1390
568 1403
568 1480
762 208
762 907
762 1130
762 1138
762 1390
762 1403
830 108
830 910
830 1135
830 1138
830 1188
907 728
907 780
907 1138
907 1390
907 1403
907 1480
1138 208
1138 1130
1138 1390
1138 1403
1390 1403
31 334
31 340
31 390
31 400
31 627
31 644
31 851
334 340
334 353
334 390
334 400
334 627
334 851
340 400
340 644
340 851
340 959
340 1060
340 1064
390 353
390 400
390 627
390 851
400 627
400 644
400 851
627 353
627 851
644 959
644 1060
644 1064
851 353
32 95
32 425
32 468
32 514
32 638
32 709
32 798
32 802
32 1011
32 1032
32 1067
32 1072
32 1436
32 1557
95 63
95 424
95 428
95 463
95 468
95 638
95 802
95 1011
95 1032
95 1067
95 1072
95 1239
95 1436
95 1495
95 1557
425 35
425 180
425 224
425 424
425 468
425 514
425 709
425 727
425 798
425 976
425 1011
425 1067
425 1284
425 1357
425 1551
468 63
468 180
468 424
468 428
468 463
468 514
468 638
468 709
468 798
468 802
468 1011
468 1032
468 1067
468 1072
468 1239
468 1284
468 1436
468 1495
468 1557
514 240
514 283
514 709
514 798
514 802
514 1011
514 1072
514 1354
514 1551
638 63
638 239
638 313
638 463
638 475
638 802
638 1011
638 1032
638 1067
638 1072
638 1142
638 1239
638 1436
638 1495
638 1557
709 35
709 180
709 224
709 424
709 727
709 798
709 976
709 1011
709 1067
709 1284
709 1357
709 1551
798 35
798 180
798 224
798 424
798 727
798 976
798 1011
798 1067
798 1284
798 1357
798 1551
802 63
802 239
802 463
802 475
802 1011
802 1032
802 1067
802 1072
802 1142
802 1239
802 1436
802 1495
802 1557
1011 63
1011 180
1011 424
1011 1032
1011 1067
1011 1072
1011 1284
1011 1551
1011 1557
1032 63
1032 424
1032 428
1032 463
1032 1067
1032 1072
1032 1239
1032 1436
1032 1495
1032 1557
1067 63
1067 180
1067 424
1067 428
1067 1284
1067 1495
1067 1557
1072 239
1072 313
1072 440
1072 463
1072 475
1072 636
1072 817
1072 879
1072 1142
1072 1215
1072 1239
1072 1321
1072 1436
1072 1448
1072 1557
1436 239
1436 313
1436 440
1436 463
1436 475
1436 817
1436 879
1436 1142
1436 1215
1436 1239
1436 1321
1436 1448
1436 1495
1436 1557
1557 63
1557 424
1557 428
1557 463
1557 1239
1557 1495
33 277
33 312
33 396
33 521
33 535
33 569
33 725
33 855
33 1133
277 312
277 396
277 521
277 535
277 569
277 725
277 855
277 1133
312 396
312 521
312 535
312 569
312 725
312 855
312 1133
312 1519
396 369
396 521
396 535
396 711
396 725
396 855
396 887
396 1519
521 535
521 569
521 725
521 855
521 1133
535 569
535 725
535 855
535 1133
569 725
569 855
569 1133
725 711
725 855
725 887
725 1519
855 711
855 887
855 1133
855 1519
34 104
34 135
34 145
34 242
34 246
34 431
34 465
34 473
34 544
34 888
34 1026
34 1244
34 1422
104 78
104 97
104 135
104 145
104 164
104 242
104 246
104 431
104 465
104 473
104 544
104 552
104 888
104 926
104 1026
104 1168
104 1244
104 1422
135 145
135 164
135 242
135 246
135 252
135 431
135 465
135 473
135 552
135 888
135 921
135 1026
135 1168
135 1230
135 1244
135 1338
135 1422
145 164
145 246
145 252
145 431
145 473
145 552
145 888
145 921
145 1018
145 1026
145 1230
145 1244
145 1338
145 1401
145 1422
242 78
242 97
242 431
242 465
242 473
242 544
242 888
242 926
242 1026
242 1168
242 1244
242 1422
246 164
246 252
246 431
246 473
246 552
246 888
246 921
246 1018
246 1026
246 1230
246 1244
246 1338
246 1401
246 1422
431 164
431 252
431 465
431 473
431 552
431 888
431 921
431 1026
431 1168
431 1230
431 1244
431 1338
431 1422
465 78
465 97
465 473
465 544
465 888
465 926
465 1026
465 1168
465 1244
465 1422
473 252
473 544
473 888
473 1026
473 1244
473 1338
473 1401
473 1422
544 78
544 1026
544 1244
544 1422
888 164
888 252
888 552
888 921
888 1026
888 1168
888 1230
888 1244
888 1338
888 1422
1026 78
1026 164
1026 552
1026 1168
1026 1244
1026 1422
1244 252
1244 1338
1244 1401
1244 1422
1422 78
1422 97
1422 164
1422 552
1422 926
1422 1168
35 42
35 157
35 224
35 254
35 283
35 460
35 604
35 643
35 727
35 846
35 976
35 1254
35 1281
35 1357
35 1551
35 1582
42 157
42 197
42 224
42 229
42 254
42 460
42 679
42 727
42 846
42 976
42 987
42 1044
42 1267
42 1281
42 1357
42 1470
42 1472
42 1582
157 210
157 224
157 229
157 254
157 413
157 604
157 643
157 846
157 987
157 1254
157 1258
157 1281
157 1357
157 1438
157 1470
157 1482
157 1571
157 1582
224 229
224 254
224 460
224 643
224 679
224 727
224 846
224 976
224 987
224 1044
224 1254
224 1281
224 1357
224 1551
224 1582
254 197
254 210
254 229
254 460
254 643
254 846
254 987
254 1044
254 1254
254 1267
254 1281
254 1357
254 1438
254 1470
254 1582
283 240
283 590
283 604
283 643
283 846
283 1047
283 1071
283 1254
283 1354
283 1357
283 1441
283 1551
460 197
460 229
460 519
460 679
460 727
460 846
460 976
460 987
460 1044
460 1357
460 1472
460 1551
460 1582
604 210
604 240
604 413
604 433
604 590
604 643
604 846
604 1047
604 1071
604 1254
604 1258
604 1281
604 1357
604 1438
604 1441
604 1482
604 1571
643 210
643 240
643 413
643 846
643 1254
643 1258
643 1281
643 1357
643 1438
643 1482
643 1551
643 1571
643 1582
727 180
727 519
727 679
727 976
727 1044
727 1284
727 1357
727 1472
727 1551
846 210
846 229
846 976
846 987
846 1254
846 1281
846 1357
846 1438
846 1470
846 1551
846 1582
976 180
976 679
976 1284
976 1357
976 1551
1254 210
1254 240
1254 413
1254 1258
1254 1281
1254 1357
1254 1438
1254 1482
1254 1551
1254 1571
1254 1582
1281 210
1281 229
1281 413
1281 987
1281 1258
1281 1357
1281 1438
1281 1470
1281 1482
1281 1571
1281 1582
1357 1551
1357 1582
1551 180
1551 1284
1582 197
1582 210
1582 229
1582 987
1582 1044
1582 1267
1582 1438
1582 1470
36 167
36 194
36 406
36 418
36 471
36 498
36 629
167 194
167 406
167 434
167 471
167 498
167 608
167 629
167 693
167 809
194 160
194 406
194 434
194 471
194 498
194 608
194 629
194 693
194 809
194 852
194 1073
194 1124
194 1545
406 418
406 471
406 498
406 629
418 629
418 1078
471 434
471 498
471 608
471 629
471 693
471 809
498 434
498 608
498 609
498 629
498 693
498 809
498 1073
498 1124
498 1144
498 1362
498 1486
498 1531
498 1545
498 1558
629 434
629 608
629 693
629 1124
37 113
37 227
37 331
37 359
37 415
37 419
37 430
37 582
37 595
37 619
37 662
37 964
37 970
37 1034
37 1040
37 1126
37 1159
37 1184
37 1570
113 227
113 359
113 389
113 415
113 419
113 582
113 595
113 619
113 662
113 970
113 1034
113 1040
113 1126
113 1159
113 1184
113 1300
113 1570
227 331
227 359
227 415
227 419
227 430
227 582
227 595
227 619
227 914
227 964
227 1034
227 1040
227 1159
227 1184
227 1300
227 1570
331 204
331 289
331 430
331 582
331 595
331 619
331 914
331 964
331 1034
331 1040
331 1159
331 1184
331 1300
331 1383
331 1570
359 118
359 315
359 389
359 415
359 419
359 595
359 619
359 662
359 708
359 961
359 970
359 1034
359 1040
359 1126
359 1159
359 1184
359 1570
415 389
415 419
415 582
415 595
415 619
415 662
415 970
415 1034
415 1040
415 1126
415 1159
415 1184
415 1300
415 1570
419 118
419 315
419 389
419 551
419 595
419 619
419 662
419 708
419 786
419 961
419 970
419 1034
419 1040
419 1126
419 1159
419 1184
419 1570
430 204
430 289
430 582
430 595
430 619
430 914
430 964
430 1034
430 1040
430 1159
430 1184
430 1300
430 1383
430 1570
582 198
582 204
582 289
582 595
582 619
582 914
582 964
582 1034
582 1040
582 1159
582 1184
582 1300
582 1383
582 1570
595 289
595 619
595 662
595 914
595 964
595 1034
595 1040
595 1159
595 1184
595 1300
595 1383
595 1570
619 662
619 964
619 970
619 1034
619 1040
619 1126
619 1159
619 1184
619 1570
662 389
662 551
662 786
662 961
662 970
662 1040
662 1126
662 1184
662 1570
964 204
964 289
964 914
964 1034
964 1040
964 1159
964 1184
964 1300
964 1383
964 1570
970 118
970 315
970 389
970 551
970 708
970 755
970 786
970 961
970 1126
970 1570
970 1581
970 1586
1034 914
1034 1040
1034 1159
1034 1184
1034 1300
1034 1570
1040 289
1040 914
1040 1159
1040 1184
1040 1300
1040 1383
1040 1570
1126 118
1126 315
1126 389
1126 551
1126 708
1126 755
1126 786
1126 961
1126 1570
1126 1581
1126 1586
1159 914
1159 1184
1159 1300
1159 1570
1184 289
1184 914
1184 1300
1184 1383
1184 1570
1018 252
1018 417
1018 507
1018 570
1018 586
1018 647
1018 844
1018 921
1018 1230
1018 1338
1018 1401
1018 1507
39 348
39 420
39 492
39 531
39 645
39 729
39 781
39 789
39 793
39 971
39 1268
39 1301
39 1399
39 1476
39 1483
39 1526
348 420
348 492
348 531
348 645
348 729
348 781
348 789
348 793
348 971
348 1268
348 1301
348 1399
348 1476
348 1483
348 1526
420 492
420 531
420 645
420 729
420 781
420 789
420 793
420 839
420 971
420 1268
420 1301
420 1399
420 1476
420 1483
420 1526
492 531
492 645
492 789
492 839
492 1268
492 1399
492 1447
492 1476
492 1483
492 1526
531 455
531 645
531 729
531 781
531 789
531 793
531 971
531 1268
531 1301
531 1399
531 1476
531 1483
531 1526
645 455
645 729
645 781
645 789
645 793
645 971
645 1268
645 1301
645 1399
645 1476
645 1483
645 1526
729 455
729 781
729 789
729 793
729 835
729 971
729 1301
729 1370
729 1399
729 1476
729 1526
781 455
781 789
781 793
781 835
781 971
781 1301
781 1370
781 1399
781 1476
781 1526
789 455
789 793
789 971
789 1268
789 1301
789 1399
789 1476
789 1483
789 1526
793 455
793 835
793 971
793 1301
793 1370
793 1399
793 1476
793 1526
971 455
971 835
971 1301
971 1370
971 1399
971 1476
971 1526
1268 839
1268 1399
1268 1447
1268 1476
1268 1483
1268 1526
1301 455
1301 835
1301 1370
1301 1399
1301 1476
1301 1526
1399 839
1399 1476
1399 1483
1399 1526
1476 455
1476 1483
1476 1526
1483 839
1483 1447
1483 1526
1526 455
40 188
40 335
40 487
40 512
40 788
40 873
40 1193
40 1364
40 1478
40 1505
188 96
188 335
188 347
188 487
188 788
188 1077
188 1193
188 1343
188 1364
188 1505
188 1527
335 487
335 512
335 788
335 873
335 1193
335 1364
335 1478
335 1505
335 1527
487 96
487 347
487 788
487 1077
487 1193
487 1343
487 1364
487 1505
487 1527
512 788
512 873
512 1478
512 1505
788 873
788 1193
788 1364
788 1478
788 1505
788 1527
873 1478
873 1505
1193 839
1193 1364
1193 1505
1193 1527
1364 839
1364 1505
1364 1527
1478 1505
1505 96
1505 347
1505 1077
1505 1343
1505 1527
41 50
41 90
41 177
41 218
41 409
41 522
41 591
41 614
41 669
41 698
41 713
41 1030
41 1097
41 1148
41 1174
41 1201
41 1206
41 1216
41 1387
41 1398
41 1491
41 1542
41 1577
50 218
50 223
50 409
50 432
50 488
50 522
50 580
50 591
50 614
50 622
50 698
50 763
50 909
50 1030
50 1041
50 1097
50 1148
50 1206
50 1216
50 1234
50 1256
50 1271
50 1331
50 1387
50 1491
50 1542
50 1577
90 177
90 218
90 522
90 591
90 609
90 614
90 669
90 672
90 713
90 936
90 1148
90 1174
90 1206
90 1387
90 1398
90 1486
90 1491
90 1531
90 1558
177 218
177 522
177 609
177 614
177 669
177 672
177 809
177 936
177 1073
177 1144
177 1148
177 1174
177 1206
177 1362
177 1387
177 1398
177 1486
177 1491
177 1531
177 1545
177 1558
218 409
218 522
218 591
218 609
218 614
218 669
218 672
218 713
218 936
218 1030
218 1073
218 1097
218 1148
218 1174
218 1206
218 1234
218 1387
218 1398
218 1486
218 1491
218 1531
218 1542
218 1545
218 1558
218 1577
409 48
409 432
409 488
409 522
409 546
409 580
409 591
409 614
409 622
409 669
409 698
409 713
409 795
409 861
409 1030
409 1097
409 1169
409 1201
409 1206
409 1216
409 1256
409 1271
409 1290
409 1387
409 1542
409 1577
522 591
522 614
522 669
522 698
522 713
522 1030
522 1097
522 1148
522 1174
522 1201
522 1206
522 1216
522 1387
522 1398
522 1491
522 1542
522 1577
591 432
591 614
591 622
591 669
591 698
591 713
591 763
591 1030
591 1097
591 1148
591 1174
591 1201
591 1206
591 1216
591 1234
591 1256
591 1271
591 1387
591 1398
591 1491
591 1542
591 1577
614 669
614 698
614 713
614 1030
614 1097
614 1148
614 1174
614 1201
614 1206
614 1216
614 1387
614 1398
614 1491
614 1542
614 1577
669 713
669 1174
669 1201
669 1206
669 1387
669 1398
669 1577
698 432
698 488
698 580
698 622
698 763
698 795
698 861
698 1030
698 1097
698 1201
698 1206
698 1216
698 1256
698 1271
698 1290
698 1542
698 1577
713 48
713 546
713 1169
713 1174
713 1201
713 1206
713 1387
713 1577
1030 223
1030 432
1030 488
1030 580
1030 622
1030 763
1030 909
1030 1041
1030 1097
1030 1148
1030 1206
1030 1216
1030 1234
1030 1256
1030 1271
1030 1331
1030 1387
1030 1491
1030 1542
1030 1577
1097 160
1097 223
1097 432
1097 622
1097 763
1097 852
1097 909
1097 1041
1097 1073
1097 1148
1097 1206
1097 1216
1097 1234
1097 1271
1097 1331
1097 1387
1097 1398
1097 1491
1097 1542
1097 1545
1097 1577
1148 160
1148 223
1148 608
1148 609
1148 672
1148 693
1148 763
1148 809
1148 852
1148 909
1148 936
1148 1041
1148 1073
1148 1174
1148 1206
1148 1234
1148 1331
1148 1387
1148 1398
1148 1486
1148 1491
1148 1531
1148 1542
1148 1545
1148 1558
1174 609
1174 672
1174 936
1174 1206
1174 1387
1174 1398
1174 1486
1174 1491
1174 1531
1174 1558
1201 48
1201 546
1201 753
1201 795
1201 861
1201 1169
1201 1206
1201 1216
1201 1256
1201 1290
1201 1577
1206 1216
1206 1387
1206 1398
1206 1491
1206 1542
1206 1577
1216 432
1216 488
1216 580
1216 622
1216 763
1216 795
1216 861
1216 1256
1216 1271
1216 1290
1216 1542
1216 1577
1387 609
1387 672
1387 936
1387 1073
1387 1234
1387 1398
1387 1486
1387 1491
1387 1531
1387 1542
1387 1545
1387 1558
1387 1577
1398 609
1398 672
1398 809
1398 936
1398 1073
1398 1144
1398 1234
1398 1362
1398 1486
1398 1491
1398 1531
1398 1542
1398 1545
1398 1558
1491 160
1491 223
1491 608
1491 609
1491 672
1491 693
1491 763
1491 809
1491 852
1491 909
1491 936
1491 1041
1491 1073
1491 1234
1491 1331
1491 1486
1491 1531
1491 1542
1491 1545
1491 1558
1542 160
1542 223
1542 432
1542 622
1542 763
1542 852
1542 909
1542 1041
1542 1073
1542 1234
1542 1271
1542 1331
1542 1545
1542 1577
1577 48
1577 432
1577 488
1577 546
1577 580
1577 622
1577 795
1577 861
1577 1169
1577 1256
1577 1271
1577 1290
197 61
197 229
197 679
197 791
197 987
197 1044
197 1267
197 1470
197 1472
197 1561
229 679
229 987
229 1044
229 1267
229 1470
679 61
679 519
679 784
679 791
679 801
679 987
679 1044
679 1249
679 1472
679 1561
987 1044
987 1267
987 1470
1044 61
1044 519
1044 791
1044 1249
1044 1267
1044 1472
1044 1561
1267 1470
1470 210
1470 1438
1472 61
1472 519
1472 784
1472 791
1472 801
1472 916
1472 1249
1472 1561
183 325
183 561
183 808
183 950
183 958
183 989
183 1089
183 1115
183 1189
183 1225
325 561
325 808
325 950
325 958
325 989
325 1089
325 1115
325 1189
325 1225
989 950
989 958
46 140
46 251
46 525
46 1445
46 1494
46 1579
140 158
140 610
140 675
140 1304
140 1445
140 1494
140 1579
251 525
251 1445
251 1494
525 1445
525 1494
1445 158
1445 1304
1445 1494
1445 1579
1494 158
1494 1579
1579 158
1579 336
1579 610
1579 675
1579 1304
1579 1309
47 87
47 214
47 352
47 631
47 874
47 886
47 994
47 1025
47 1086
47 1336
87 53
87 352
87 576
87 631
87 810
87 874
87 886
87 994
87 1025
87 1065
87 1086
87 1322
87 1336
87 1455
214 109
214 122
214 292
214 352
214 443
214 631
214 874
214 886
214 1051
214 1095
214 1198
214 1327
214 1336
214 1394
352 53
352 631
352 874
352 886
352 1025
352 1051
352 1065
352 1086
352 1095
352 1336
631 443
631 874
631 886
631 1025
631 1051
631 1095
631 1327
631 1336
631 1394
874 443
874 886
874 1025
874 1051
874 1095
874 1327
874 1336
874 1394
886 1051
886 1095
886 1198
886 1327
886 1336
994 53
994 576
994 810
994 1025
994 1056
994 1065
994 1086
994 1322
994 1423
994 1455
1025 53
1025 1065
1025 1086
1025 1322
1025 1455
1086 53
1086 576
1086 810
1086 1056
1086 1065
1086 1322
1086 1423
1086 1455
1336 1051
1336 1095
1336 1198
1336 1327
48 57
48 546
48 753
48 795
48 861
48 1169
48 1256
48 1290
57 488
57 546
57 580
57 795
57 861
57 1169
57 1256
57 1290
546 753
546 795
546 861
546 1169
546 1256
546 1290
753 123
753 795
753 861
753 1169
753 1290
795 488
795 580
795 861
795 1169
795 1256
795 1290
861 488
861 580
861 1169
861 1256
861 1290
1169 1256
1169 1290
1256 432
1256 488
1256 580
1256 622
1256 1271
1256 1290
1290 488
1290 580
106 76
106 81
106 86
106 540
106 584
106 785
106 859
106 946
106 951
106 962
106 973
106 977
106 1084
106 1430
106 1575
423 67
423 207
423 275
423 297
423 469
423 720
423 821
423 953
423 1155
423 1191
423 1209
423 1299
223 160
223 608
223 622
223 693
223 763
223 852
223 909
223 1041
223 1073
223 1124
223 1234
223 1271
223 1331
223 1545
432 488
432 580
432 622
432 763
432 1271
488 580
488 622
488 1271
580 622
580 1271
622 763
622 909
622 1041
622 1234
622 1271
622 1331
763 160
763 852
763 909
763 1041
763 1234
763 1271
763 1331
909 160
909 608
909 693
909 852
909 1041
909 1073
909 1124
909 1234
909 1271
909 1331
909 1545
1041 160
1041 608
1041 693
1041 852
1041 1073
1041 1124
1041 1234
1041 1271
1041 1331
1041 1545
1234 160
1234 608
1234 609
1234 693
1234 852
1234 1073
1234 1124
1234 1271
1234 1331
1234 1486
1234 1531
1234 1545
1234 1558
1271 1331
1331 160
1331 608
1331 693
1331 852
1331 1073
1331 1124
1331 1545
439 1397
53 576
53 810
53 1065
53 1322
53 1423
53 1455
576 810
576 1056
576 1065
576 1322
576 1423
576 1455
810 1056
810 1065
810 1322
810 1423
810 1455
1065 1322
1065 1423
1065 1455
1322 385
1322 484
1322 657
1322 1056
1322 1423
1322 1455
1423 385
1423 484
1423 657
1423 1036
1423 1056
1423 1455
1455 385
1455 484
1455 657
1455 1056
54 62
54 168
54 779
54 969
54 1205
54 1243
54 1453
62 238
62 736
62 779
62 797
62 833
62 969
62 1022
62 1265
62 1374
62 1453
62 1473
62 1475
168 273
168 969
168 1186
168 1197
168 1205
168 1243
168 1525
168 1562
168 1574
779 686
779 704
779 797
779 833
779 969
779 1022
779 1186
779 1205
779 1243
779 1265
779 1374
779 1453
779 1473
779 1525
779 1574
969 797
969 833
969 1022
969 1186
969 1205
969 1243
969 1453
969 1473
969 1525
969 1574
1205 686
1205 704
1205 1186
1205 1197
1205 1243
1205 1453
1205 1525
1205 1574
1243 273
1243 655
1243 686
1243 704
1243 845
1243 1074
1243 1186
1243 1197
1243 1433
1243 1525
1243 1562
1243 1574
1453 238
1453 797
1453 833
1453 1022
1453 1265
1453 1374
1453 1473
311 92
311 303
311 812
311 967
311 1162
311 1361
311 1489
78 97
78 560
78 926
78 1168
97 560
97 926
97 1168
560 926
560 1168
926 1168
58 285
58 321
58 362
58 376
58 459
58 517
58 589
58 783
58 838
58 884
58 928
58 933
58 984
58 1083
58 1140
58 1379
58 1498
285 321
285 362
285 376
285 459
285 589
285 783
285 838
285 884
285 933
285 984
285 1083
285 1135
285 1140
285 1188
285 1379
285 1498
321 127
321 376
321 459
321 517
321 838
321 884
321 924
321 928
321 933
321 984
321 988
321 1083
321 1140
321 1330
321 1367
321 1415
321 1498
362 108
362 317
362 376
362 589
362 783
362 838
362 884
362 910
362 933
362 1083
362 1094
362 1135
362 1188
362 1379
362 1498
376 459
376 517
376 589
376 783
376 838
376 884
376 928
376 933
376 984
376 1083
376 1140
376 1379
376 1498
459 127
459 517
459 838
459 884
459 924
459 928
459 933
459 984
459 988
459 1083
459 1140
459 1330
459 1367
459 1415
459 1498
517 127
517 216
517 259
517 319
517 603
517 924
517 928
517 933
517 984
517 988
517 999
517 1083
517 1140
517 1266
517 1330
517 1367
517 1415
517 1498
589 108
589 317
589 783
589 838
589 884
589 910
589 933
589 1083
589 1094
589 1135
589 1188
589 1379
589 1498
783 108
783 317
783 838
783 884
783 910
783 933
783 1083
783 1094
783 1135
783 1188
783 1379
783 1498
838 884
838 933
838 984
838 1083
838 1135
838 1140
838 1188
838 1379
838 1498
884 933
884 984
884 1083
884 1135
884 1140
884 1188
884 1379
884 1498
928 127
928 259
928 603
928 924
928 933
928 984
928 988
928 999
928 1083
928 1140
928 1266
928 1330
928 1367
928 1415
928 1498
933 317
933 984
933 1083
933 1140
933 1498
984 127
984 1083
984 1140
984 1330
984 1367
984 1498
1083 317
1083 1140
1083 1498
1140 127
1140 1330
1140 1367
1140 1498
1379 108
1379 910
1379 1135
1379 1188
1379 1498
59 593
59 776
59 955
59 968
59 1028
59 1260
59 1375
59 1421
59 1449
59 1477
593 357
593 440
593 760
593 817
593 879
593 955
593 968
593 972
593 1028
593 1215
593 1260
593 1321
593 1421
593 1448
593 1449
593 1534
776 717
776 1028
776 1195
776 1238
776 1375
776 1421
776 1449
776 1477
955 357
955 440
955 760
955 817
955 879
955 968
955 972
955 1028
955 1215
955 1260
955 1321
955 1421
955 1448
955 1449
955 1534
968 357
968 972
968 1028
968 1260
968 1421
968 1449
968 1534
1028 357
1028 1238
1028 1260
1028 1375
1028 1421
1028 1449
1028 1477
1260 357
1260 440
1260 760
1260 817
1260 879
1260 972
1260 1215
1260 1321
1260 1421
1260 1448
1260 1449
1260 1534
1375 717
1375 1195
1375 1238
1375 1421
1375 1449
1375 1477
1421 357
1421 1238
1421 1449
1421 1477
1449 1477
1477 75
1477 120
1477 717
1477 882
1477 992
1477 1195
1477 1238
1477 1490
60 73
60 109
60 121
60 122
60 211
60 292
60 328
60 408
60 458
60 490
60 533
60 648
60 1407
73 109
73 121
73 122
73 292
73 328
73 408
73 443
73 648
73 1327
73 1394
73 1407
109 121
109 122
109 292
109 408
109 443
109 648
109 1051
109 1095
109 1198
109 1327
109 1394
109 1407
121 122
121 292
121 328
121 408
121 443
121 648
121 1327
121 1394
121 1407
122 292
122 408
122 443
122 648
122 1051
122 1095
122 1198
122 1327
122 1394
122 1407
211 408
211 458
211 490
211 533
211 596
211 648
211 918
211 1182
211 1404
211 1487
292 328
292 408
292 443
292 1198
292 1327
292 1394
292 1407
328 408
328 458
328 490
328 533
328 648
328 1407
408 458
408 490
408 533
408 648
408 1407
458 490
458 533
458 648
458 1407
490 533
490 596
490 648
490 918
490 1182
490 1404
490 1487
533 596
533 648
533 918
533 1182
533 1404
533 1487
648 1407
1407 443
1407 1198
1407 1327
1407 1394
61 82
61 519
61 784
61 791
61 801
61 916
61 1246
61 1249
61 1406
61 1496
61 1543
61 1561
82 308
82 482
82 784
82 791
82 801
82 916
82 957
82 1119
82 1246
82 1249
82 1312
82 1496
82 1543
82 1561
519 308
519 506
519 784
519 791
519 801
519 916
519 1119
519 1249
519 1312
519 1561
784 308
784 482
784 506
784 714
784 791
784 801
784 916
784 957
784 1119
784 1249
784 1312
784 1496
784 1561
791 801
791 916
791 1246
791 1249
791 1406
791 1496
791 1543
791 1561
801 308
801 482
801 506
801 714
801 916
801 957
801 1119
801 1249
801 1312
801 1496
801 1561
916 308
916 482
916 957
916 1119
916 1246
916 1249
916 1312
916 1496
916 1543
916 1561
1246 957
1246 1249
1246 1406
1246 1496
1246 1543
1246 1561
1249 308
1249 957
1249 1119
1249 1312
1249 1496
1249 1561
1406 1543
1406 1561
1496 308
1496 482
1496 957
1496 1119
1496 1312
1496 1543
1496 1561
1543 1561
238 736
238 797
238 833
238 1022
238 1223
238 1265
238 1374
238 1427
238 1473
238 1475
736 1022
736 1473
736 1475
797 833
797 1022
797 1265
797 1374
797 1473
833 1022
833 1265
833 1374
833 1473
1022 1223
1022 1265
1022 1374
1022 1427
1022 1473
1022 1475
1265 1223
1265 1374
1265 1427
1265 1473
1374 1223
1374 1427
1374 1473
1473 1223
1473 1427
1473 1475
63 180
63 424
63 428
63 463
63 1239
63 1284
63 1495
63 1501
180 424
180 428
180 1284
424 428
424 1284
424 1501
428 96
428 1284
428 1495
428 1501
463 239
463 313
463 475
463 1142
463 1239
463 1495
1239 239
1239 313
1239 475
1239 1142
1239 1495
1501 96
1501 347
1501 1077
1501 1343
1038 252
1038 921
1038 1230
1038 1338
207 67
207 297
207 363
207 469
207 720
207 953
207 1048
207 1100
207 1155
207 1209
207 1214
207 1299
275 297
275 469
275 821
275 953
275 1155
275 1191
275 1209
275 1299
821 297
821 469
821 953
821 1155
821 1191
821 1209
821 1299
1191 297
1191 469
1191 953
1191 1155
1191 1209
1191 1299
1209 297
1209 469
1209 720
1209 953
1209 1155
1209 1299
1209 1313
1299 67
1299 297
1299 469
1299 720
1299 953
1299 1048
1299 1100
1299 1155
1299 1214
1299 1313
1223 1427
67 76
67 363
67 720
67 814
67 894
67 1048
67 1100
67 1214
67 1573
67 1575
76 86
76 584
76 785
76 814
76 859
76 894
76 962
76 973
76 1084
76 1430
76 1573
76 1575
363 213
363 302
363 720
363 979
363 1048
363 1100
363 1214
720 297
720 302
720 469
720 953
720 979
720 1048
720 1100
720 1155
720 1214
720 1313
814 86
814 584
814 894
814 1084
814 1120
814 1573
814 1575
894 1120
894 1214
894 1573
894 1575
1048 297
1048 302
1048 469
1048 953
1048 979
1048 1100
1048 1155
1048 1214
1048 1293
1048 1305
1048 1313
1100 297
1100 302
1100 469
1100 953
1100 979
1100 1155
1100 1214
1100 1293
1100 1305
1100 1313
1573 86
1573 584
1573 1084
1573 1120
1573 1575
1575 86
1575 584
1575 785
1575 859
1575 962
1575 973
1575 1084
1575 1430
278 114
278 326
278 740
278 897
278 944
278 1117
278 1344
944 114
944 326
944 740
944 897
944 1117
944 1344
70 107
70 193
70 301
70 392
70 393
70 598
70 633
70 653
70 696
70 700
70 751
70 857
70 1057
70 1388
70 1499
70 1572
70 1583
107 193
107 336
107 392
107 598
107 610
107 633
107 653
107 675
107 751
107 823
107 1057
107 1304
107 1309
107 1388
107 1499
107 1572
107 1583
193 301
193 392
193 393
193 598
193 633
193 653
193 696
193 700
193 751
193 857
193 1057
193 1388
193 1499
193 1572
193 1583
301 144
301 171
301 271
301 346
301 393
301 633
301 696
301 700
301 857
301 960
301 1572
301 1583
392 336
392 393
392 598
392 633
392 653
392 751
392 823
392 857
392 1057
392 1309
392 1388
392 1499
392 1572
392 1583
393 144
393 171
393 271
393 346
393 633
393 696
393 700
393 857
393 960
393 1247
393 1499
393 1572
393 1583
598 336
598 610
598 633
598 653
598 675
598 751
598 823
598 1057
598 1304
598 1309
598 1388
598 1499
598 1572
598 1583
633 653
633 696
633 700
633 751
633 857
633 1057
633 1388
633 1499
633 1572
633 1583
653 336
653 610
653 675
653 751
653 823
653 857
653 1057
653 1304
653 1309
653 1388
653 1499
653 1572
653 1583
696 144
696 171
696 271
696 346
696 402
696 491
696 700
696 960
696 1247
696 1572
696 1583
700 144
700 171
700 271
700 346
700 402
700 491
700 960
700 1247
700 1572
700 1583
751 336
751 610
751 675
751 823
751 857
751 1057
751 1304
751 1309
751 1388
751 1499
751 1572
751 1583
857 346
857 823
857 960
857 1057
857 1499
857 1572
857 1583
1057 336
1057 610
1057 675
1057 823
1057 1304
1057 1309
1057 1388
1057 1499
1057 1572
1057 1583
1388 336
1388 610
1388 675
1388 823
1388 1304
1388 1309
1388 1499
1388 1572
1388 1583
1499 336
1499 823
1499 1309
1499 1572
1499 1583
1572 1583
1583 346
1583 823
1583 960
71 99
71 208
71 339
71 630
71 772
71 934
71 1130
71 1341
71 1418
71 1442
71 1454
99 305
99 339
99 369
99 630
99 711
99 741
99 772
99 887
99 934
99 1341
99 1418
99 1442
99 1454
99 1519
208 339
208 630
208 1130
208 1454
339 369
339 630
339 772
339 934
339 1130
339 1341
339 1418
339 1442
339 1454
339 1519
630 369
630 772
630 934
630 1130
630 1341
630 1418
630 1442
630 1454
630 1519
772 305
772 369
772 741
772 934
772 1341
772 1418
772 1442
772 1454
934 305
934 369
934 741
934 1341
934 1418
934 1442
934 1454
1130 1454
1341 253
1341 262
1341 305
1341 369
1341 711
1341 741
1341 887
1341 1418
1341 1442
1341 1454
1341 1519
1418 305
1418 369
1418 711
1418 741
1418 887
1418 1442
1418 1454
1418 1519
1442 305
1442 369
1442 741
1442 1454
72 112
72 257
72 483
72 547
72 594
72 790
72 998
72 1007
72 1023
72 1237
72 1409
72 1461
72 1523
112 141
112 257
112 394
112 483
112 547
112 594
112 790
112 860
112 998
112 1007
112 1023
112 1237
112 1283
112 1409
112 1461
112 1523
257 141
257 156
257 394
257 547
257 594
257 639
257 790
257 869
257 998
257 1007
257 1023
257 1237
257 1409
257 1523
483 547
483 594
483 790
483 1007
483 1023
483 1237
483 1461
483 1523
547 156
547 394
547 594
547 790
547 1007
547 1023
547 1237
547 1316
547 1461
547 1523
594 790
594 998
594 1007
594 1023
594 1237
594 1409
594 1461
594 1523
790 156
790 1007
790 1023
790 1237
790 1316
790 1461
790 1523
998 141
998 654
998 860
998 1237
998 1283
998 1409
998 1523
1007 156
1007 1023
1007 1316
1007 1461
1007 1523
1023 156
1023 1316
1023 1461
1023 1523
1237 141
1237 860
1237 1283
1237 1409
1237 1461
1237 1523
1409 141
1409 654
1409 860
1409 1283
1409 1523
1461 1523
443 1051
443 1095
443 1198
443 1327
443 1394
1327 1051
1327 1095
1327 1198
1327 1394
1394 1051
1394 1095
1394 1198
74 93
74 503
74 550
74 635
74 692
74 737
74 875
74 889
74 1172
74 1212
74 1400
93 503
93 550
93 635
93 692
93 737
93 875
93 889
93 1172
93 1212
93 1400
503 203
503 550
503 635
503 652
503 692
503 737
503 875
503 889
503 978
503 1172
550 126
550 314
550 437
550 516
550 635
550 692
550 737
550 875
550 889
550 978
550 1172
550 1212
550 1400
550 1446
550 1508
550 1530
550 1546
635 203
635 365
635 366
635 494
635 652
635 692
635 737
635 875
635 889
635 941
635 978
635 995
635 1255
635 1275
635 1443
692 737
692 875
692 889
692 978
692 1172
692 1212
692 1400
692 1446
692 1508
692 1546
737 203
737 365
737 366
737 494
737 652
737 875
737 889
737 941
737 978
737 995
737 1255
737 1275
737 1443
875 889
875 978
875 1172
875 1212
875 1400
875 1446
875 1508
875 1546
889 126
889 203
889 366
889 476
889 494
889 516
889 652
889 978
889 1212
889 1446
1172 1212
1172 1400
1172 1500
1172 1508
1172 1546
1212 126
1212 314
1212 437
1212 567
1212 1400
1212 1446
1212 1451
1212 1484
1212 1508
1212 1530
1212 1546
1400 567
1400 722
1400 876
1400 1289
1400 1451
1400 1484
1400 1500
1400 1508
1400 1546
75 120
75 233
75 353
75 452
75 717
75 820
75 882
75 992
75 1024
75 1195
75 1296
75 1490
120 233
120 353
120 452
120 717
120 820
120 882
120 992
120 1024
120 1195
120 1296
120 1490
233 353
233 452
233 820
233 992
233 1024
233 1089
233 1115
233 1189
233 1199
233 1225
233 1296
353 452
353 820
353 882
353 992
353 1296
353 1490
452 820
452 992
452 1024
452 1089
452 1115
452 1189
452 1199
452 1225
452 1296
717 882
717 992
717 1024
717 1195
717 1238
717 1296
717 1490
820 992
820 1024
820 1089
820 1115
820 1189
820 1199
820 1225
820 1296
882 992
882 1195
882 1238
882 1296
882 1490
992 1024
992 1195
992 1199
992 1238
992 1296
992 1490
1024 1195
1024 1199
1024 1296
1195 1238
1195 1296
1195 1490
1296 1199
1296 1490
1490 1238
86 540
86 584
86 785
86 859
86 946
86 951
86 962
86 973
86 1084
86 1430
86 1540
584 540
584 785
584 859
584 946
584 951
584 962
584 973
584 1084
584 1430
584 1540
785 81
785 540
785 859
785 946
785 951
785 962
785 973
785 977
785 1084
785 1430
785 1540
859 81
859 540
859 946
859 951
859 962
859 973
859 977
859 1084
859 1430
859 1540
962 81
962 540
962 866
962 946
962 951
962 973
962 977
962 1084
962 1430
962 1522
962 1540
973 81
973 540
973 866
973 946
973 951
973 977
973 1084
973 1430
973 1522
973 1540
1084 540
1084 946
1084 951
1084 1430
1084 1540
1430 81
1430 540
1430 866
1430 946
1430 951
1430 977
1430 1522
1430 1540
379 548
379 757
379 1006
379 1143
379 1347
379 1410
379 1466
548 676
548 757
548 1101
548 1143
548 1177
548 1190
548 1347
548 1410
548 1414
548 1466
548 1469
757 578
757 676
757 1006
757 1013
757 1101
757 1143
757 1232
757 1347
757 1414
757 1466
757 1469
757 1510
1006 578
1006 1143
1006 1232
1006 1347
1143 578
1143 1232
1143 1347
1232 578
1232 923
1232 1347
1347 578
1347 676
1347 1410
1347 1414
1347 1466
1168 164
1168 552
79 132
79 320
79 349
79 445
79 583
79 705
79 735
79 847
79 1128
79 1274
132 320
132 349
132 445
132 583
132 705
132 735
132 847
132 1128
132 1274
132 1369
320 349
320 445
320 583
320 705
320 847
320 1128
320 1274
349 445
349 583
349 705
349 847
349 1128
349 1274
445 583
445 705
445 735
445 847
445 1128
445 1274
445 1369
583 705
583 735
583 847
583 1128
583 1274
705 735
705 847
705 1128
705 1274
705 1369
735 182
735 327
735 847
735 1128
735 1274
735 1369
847 1128
847 1274
847 1369
1128 1274
1128 1369
226 225
226 250
226 345
226 368
226 579
226 650
226 656
226 848
226 864
226 904
226 1346
226 1378
226 1550
250 345
250 368
250 579
250 650
250 656
250 904
250 1346
250 1378
250 1550
345 195
345 201
345 225
345 368
345 579
345 650
345 656
345 848
345 904
345 1346
345 1378
345 1515
345 1550
368 195
368 201
368 225
368 579
368 650
368 656
368 848
368 904
368 1346
368 1378
368 1515
368 1550
650 656
650 848
650 864
650 904
650 1346
650 1378
650 1550
656 579
656 904
656 1346
656 1378
656 1550
864 733
864 750
904 195
904 201
904 225
904 579
904 848
904 1346
904 1378
904 1515
904 1550
1346 579
1346 1378
1346 1550
1378 579
1378 1550
1550 153
1550 195
1550 225
1550 579
1550 848
1550 1515
81 139
81 306
81 528
81 540
81 715
81 866
81 939
81 946
81 951
81 977
81 1303
81 1522
139 306
139 380
139 410
139 528
139 540
139 715
139 850
139 866
139 871
139 939
139 946
139 951
139 977
139 1010
139 1303
139 1468
139 1522
306 380
306 410
306 528
306 715
306 850
306 866
306 939
306 977
306 1010
306 1303
306 1522
528 380
528 410
528 715
528 850
528 866
528 939
528 977
528 1010
528 1303
528 1522
540 866
540 939
540 946
540 951
540 977
540 1522
540 1540
715 380
715 410
715 850
715 871
715 939
715 977
715 1010
715 1303
715 1468
866 380
866 939
866 946
866 951
866 977
866 1522
866 1540
939 380
939 410
939 871
939 946
939 951
939 977
939 1303
939 1468
939 1522
946 951
946 977
946 1522
946 1540
951 977
951 1522
951 1540
977 1303
977 1522
1303 380
1303 410
1303 850
1303 871
1303 1010
1303 1468
1522 380
1522 1540
308 450
308 482
308 506
308 714
308 957
308 1119
308 1146
308 1312
482 450
482 506
482 714
482 957
482 1119
482 1146
482 1312
957 714
957 1119
957 1146
957 1312
1119 450
1119 506
1119 714
1119 1146
1119 1312
1312 450
1312 506
1312 714
1312 1146
83 455
83 513
83 764
83 835
83 1339
83 1370
83 1420
455 835
455 1339
455 1370
513 764
513 835
513 1261
513 1339
513 1370
513 1420
764 835
764 1261
764 1339
764 1370
764 1420
835 1339
835 1370
1339 1370
1339 1420
1420 1261
84 142
84 200
84 249
84 572
84 827
84 865
84 880
84 881
84 1012
84 1353
142 123
142 200
142 249
142 572
142 827
142 865
142 881
142 1012
200 249
200 572
200 738
200 827
200 880
200 881
200 1012
200 1353
249 572
249 738
249 827
249 865
249 880
249 881
249 1012
249 1353
572 738
572 827
572 880
572 881
572 1012
572 1353
827 865
827 880
827 881
827 1012
827 1353
865 123
865 881
880 398
880 738
880 878
880 1012
880 1353
881 123
881 1012
1012 738
1012 1353
1353 398
1353 543
1353 738
1353 813
1353 878
1353 932
733 750
88 570
88 586
88 626
88 647
88 836
570 417
570 507
570 586
570 647
570 836
570 844
570 1507
586 417
586 507
586 647
586 836
586 844
586 1507
626 836
626 1278
647 417
647 507
647 836
647 844
647 1507
89 387
89 612
89 724
89 806
89 883
89 983
89 1029
89 1087
89 1160
89 1242
387 378
387 612
387 724
387 806
387 883
387 983
387 1029
387 1087
387 1160
387 1242
612 806
612 883
612 983
612 1029
612 1087
612 1160
724 378
724 382
724 806
724 883
724 983
724 1029
724 1160
724 1242
806 146
806 378
806 382
806 883
806 983
806 1029
806 1242
806 1538
883 146
883 378
883 382
883 983
883 1029
883 1242
883 1538
983 146
983 378
983 382
983 1029
983 1160
983 1242
983 1538
1029 378
1029 382
1029 1087
1029 1160
1029 1242
1087 221
1087 1160
1160 1242
1242 378
1242 382
609 434
609 608
609 672
609 693
609 809
609 936
609 1073
609 1144
609 1362
609 1486
609 1531
609 1545
609 1558
672 434
672 809
672 936
672 1073
672 1144
672 1362
672 1486
672 1531
672 1545
672 1558
936 434
936 809
936 1073
936 1144
936 1362
936 1486
936 1531
936 1545
936 1558
1486 434
1486 608
1486 693
1486 809
1486 1073
1486 1144
1486 1362
1486 1531
1486 1545
1486 1558
1531 434
1531 608
1531 693
1531 809
1531 1073
1531 1144
1531 1362
1531 1545
1531 1558
1558 434
1558 608
1558 693
1558 809
1558 1073
1558 1144
1558 1362
1558 1545
91 163
91 179
91 269
91 446
91 529
91 774
91 803
91 832
91 980
91 1081
91 1158
91 1253
91 1292
91 1302
91 1413
91 1518
91 1529
163 166
163 265
163 446
163 718
163 832
163 1088
163 1163
163 1253
163 1529
179 269
179 316
179 422
179 446
179 529
179 758
179 774
179 803
179 901
179 980
179 1039
179 1074
179 1081
179 1158
179 1292
179 1302
179 1413
179 1433
179 1504
179 1541
179 1544
269 422
269 429
269 446
269 529
269 774
269 803
269 831
269 901
269 980
269 1081
269 1158
269 1292
269 1294
269 1302
269 1413
269 1504
269 1518
269 1544
446 529
446 774
446 803
446 832
446 980
446 1081
446 1158
446 1253
446 1292
446 1302
446 1413
446 1518
446 1529
529 316
529 422
529 758
529 774
529 803
529 901
529 980
529 1039
529 1074
529 1081
529 1158
529 1292
529 1302
529 1413
529 1433
529 1504
529 1541
529 1544
774 316
774 422
774 803
774 901
774 980
774 1039
774 1081
774 1158
774 1292
774 1294
774 1302
774 1413
774 1504
774 1518
774 1541
774 1544
803 316
803 422
803 429
803 758
803 831
803 901
803 980
803 1039
803 1074
803 1081
803 1158
803 1292
803 1294
803 1302
803 1413
803 1433
803 1504
803 1541
803 1544
832 166
832 265
832 1158
832 1163
832 1208
832 1253
832 1518
832 1529
980 316
980 422
980 758
980 901
980 1039
980 1074
980 1081
980 1158
980 1292
980 1302
980 1413
980 1433
980 1504
980 1541
980 1544
1081 422
1081 429
1081 831
1081 901
1081 1158
1081 1292
1081 1294
1081 1302
1081 1413
1081 1504
1081 1518
1081 1544
1158 422
1158 901
1158 1253
1158 1292
1158 1294
1158 1302
1158 1413
1158 1518
1158 1529
1158 1544
1253 166
1253 265
1253 1163
1253 1208
1253 1518
1253 1529
1292 316
1292 422
1292 758
1292 901
1292 1039
1292 1074
1292 1302
1292 1413
1292 1433
1292 1504
1292 1541
1292 1544
1302 316
1302 422
1302 429
1302 758
1302 831
1302 901
1302 1039
1302 1074
1302 1294
1302 1413
1302 1433
1302 1504
1302 1541
1302 1544
1413 316
1413 422
1413 758
1413 901
1413 1039
1413 1074
1413 1433
1413 1504
1413 1541
1413 1544
1518 166
1518 1208
1518 1294
1518 1529
1529 166
1529 265
1529 1163
1529 1208
92 303
92 454
92 649
92 812
92 967
92 1162
92 1280
92 1361
92 1489
303 454
303 575
303 601
303 649
303 661
303 743
303 769
303 812
303 945
303 967
303 1134
303 1162
303 1280
303 1361
303 1489
454 401
454 575
454 601
454 649
454 661
454 699
454 743
454 769
454 945
454 1090
454 1134
454 1162
454 1280
454 1361
454 1467
649 575
649 743
649 769
649 812
649 967
649 1134
649 1162
649 1280
649 1361
649 1489
812 967
812 1162
812 1280
812 1361
812 1489
967 1162
967 1280
967 1361
967 1489
1162 601
1162 661
1162 743
1162 945
1162 1134
1162 1280
1162 1361
1162 1489
1280 575
1280 743
1280 769
1280 1134
1280 1361
1280 1489
1361 1489
94 231
94 263
94 280
94 332
94 543
94 637
94 667
94 673
94 681
94 703
94 712
94 739
94 813
94 930
94 932
94 1118
94 1435
94 1440
94 1457
94 1520
94 1556
231 236
231 263
231 280
231 332
231 441
231 543
231 637
231 667
231 681
231 712
231 739
231 813
231 932
231 1373
231 1435
231 1440
231 1457
231 1520
231 1556
263 280
263 332
263 543
263 637
263 667
263 673
263 681
263 703
263 712
263 739
263 813
263 930
263 932
263 1118
263 1435
263 1440
263 1457
263 1520
263 1556
280 332
280 543
280 637
280 667
280 673
280 703
280 712
280 739
280 813
280 930
280 932
280 1118
280 1435
280 1440
280 1556
332 543
332 637
332 667
332 673
332 681
332 703
332 712
332 739
332 813
332 930
332 932
332 1118
332 1435
332 1440
332 1457
332 1520
332 1556
543 236
543 441
543 637
543 667
543 738
543 813
543 932
543 1373
543 1435
543 1457
543 1520
543 1556
637 477
637 667
637 681
637 697
637 703
637 712
637 739
637 813
637 932
637 1118
637 1435
637 1440
637 1457
637 1520
637 1556
667 703
667 738
667 739
667 813
667 932
667 1118
667 1435
667 1440
667 1457
667 1520
667 1556
673 654
673 703
673 712
673 739
673 930
673 1118
673 1356
673 1435
673 1440
681 477
681 697
681 712
681 739
681 1440
681 1457
681 1520
681 1556
703 712
703 739
703 930
703 1118
703 1435
703 1440
703 1556
712 477
712 697
712 739
712 930
712 1118
712 1356
712 1435
712 1440
712 1556
739 477
739 697
739 930
739 1118
739 1356
739 1435
739 1440
739 1556
813 236
813 441
813 738
813 932
813 1373
813 1435
813 1457
813 1520
813 1556
930 654
930 1118
930 1356
930 1435
930 1440
932 236
932 441
932 738
932 1373
932 1435
932 1457
932 1520
932 1556
1118 1435
1118 1440
1118 1556
1435 1440
1435 1556
1440 477
1440 697
1440 1356
1440 1556
1457 236
1457 367
1457 441
1457 640
1457 738
1457 1373
1457 1520
1457 1556
1520 236
1520 367
1520 441
1520 640
1520 738
1520 1373
1520 1556
1556 738
96 347
96 1077
96 1343
347 1077
347 1343
347 1527
1077 1343
1077 1527
1343 1527
98 102
98 605
98 628
98 748
98 1106
98 1108
98 1113
98 1380
98 1565
102 605
102 628
102 748
102 1106
102 1108
102 1113
102 1380
102 1565
605 628
605 748
605 1106
605 1108
605 1113
605 1380
605 1565
628 748
628 1106
628 1108
628 1113
628 1380
628 1565
748 1106
748 1108
748 1113
748 1380
748 1565
1106 1108
1106 1113
1106 1380
1106 1565
1108 1113
1108 1380
1108 1565
1113 1380
1113 1565
1380 1565
305 253
305 262
305 369
305 585
305 741
369 253
369 262
369 711
369 741
369 887
369 1519
711 253
711 262
711 741
711 887
711 1519
741 253
741 262
741 344
741 585
741 887
887 253
887 262
887 1519
100 159
100 195
100 201
100 244
100 261
100 286
100 288
100 447
100 462
100 651
100 707
100 885
100 900
100 990
100 1308
100 1311
100 1424
100 1459
100 1537
159 190
159 195
159 201
159 244
159 261
159 286
159 288
159 447
159 462
159 651
159 689
159 707
159 752
159 767
159 885
159 900
159 990
159 1308
159 1311
159 1424
159 1459
159 1515
195 153
195 201
195 225
195 288
195 447
195 462
195 579
195 689
195 885
195 900
195 990
195 1311
195 1515
201 288
201 447
201 462
201 579
201 885
201 900
201 990
201 1311
201 1424
201 1515
244 190
244 215
244 261
244 286
244 288
244 447
244 467
244 539
244 615
244 651
244 707
244 752
244 767
244 792
244 900
244 906
244 940
244 1185
244 1288
244 1308
244 1311
244 1459
261 215
261 286
261 288
261 447
261 467
261 539
261 615
261 651
261 707
261 752
261 767
261 792
261 900
261 1288
261 1308
261 1311
261 1424
261 1459
286 190
286 288
286 447
286 462
286 651
286 707
286 752
286 767
286 792
286 900
286 990
286 1185
286 1288
286 1308
286 1311
286 1424
286 1459
288 190
288 447
288 462
288 651
288 689
288 707
288 752
288 767
288 885
288 900
288 990
288 1308
288 1311
288 1424
288 1459
288 1515
447 462
447 651
447 707
447 885
447 900
447 990
447 1308
447 1311
447 1424
447 1459
447 1537
462 153
462 190
462 225
462 579
462 651
462 689
462 900
462 990
462 1311
462 1515
651 190
651 707
651 752
651 767
651 792
651 900
651 990
651 1185
651 1288
651 1308
651 1311
651 1424
651 1459
707 215
707 467
707 539
707 615
707 752
707 767
707 792
707 900
707 1288
707 1308
707 1311
707 1424
707 1459
885 900
885 1308
885 1311
885 1424
885 1537
900 190
900 689
900 752
900 767
900 990
900 1308
900 1311
900 1424
900 1459
900 1515
990 153
990 190
990 225
990 579
990 689
990 1311
990 1515
1308 752
1308 767
1308 792
1308 1288
1308 1311
1308 1424
1308 1459
1308 1537
1311 1424
1311 1459
1311 1537
1424 1459
1424 1537
1459 215
1459 467
1459 539
1459 615
1459 752
1459 767
1459 792
1459 1288
1537 986
1537 1049
101 388
101 456
101 489
101 501
101 868
101 982
101 1137
101 1207
101 1219
101 1372
101 1434
101 1588
388 456
388 489
388 501
388 868
388 982
388 1137
388 1207
388 1219
388 1372
388 1434
388 1588
456 489
456 982
456 1137
456 1219
456 1372
456 1432
456 1434
456 1465
456 1588
489 982
489 1137
489 1219
489 1432
489 1434
489 1465
489 1588
501 341
501 361
501 868
501 982
501 1000
501 1207
501 1389
501 1488
501 1588
868 341
868 361
868 618
868 982
868 1000
868 1207
868 1219
868 1372
868 1389
868 1488
868 1588
982 361
982 618
982 1137
982 1207
982 1219
982 1372
982 1389
982 1434
982 1488
982 1588
1137 1219
1137 1372
1137 1434
1137 1588
1207 341
1207 361
1207 1000
1207 1389
1207 1488
1207 1588
1219 1372
1219 1434
1219 1588
1372 618
1372 1434
1372 1488
1372 1588
1434 1588
1588 361
1588 618
1588 1389
1588 1488
108 910
108 1094
108 1135
108 1188
910 317
910 1094
910 1135
910 1188
1135 317
1135 1094
1135 1188
164 552
164 921
164 1230
552 921
552 1230
105 137
105 248
105 260
105 293
105 401
105 515
105 671
105 683
105 699
105 734
105 903
105 1027
105 1090
105 1147
105 1157
105 1396
137 260
137 293
137 333
137 515
137 611
137 617
137 683
137 749
137 903
137 1036
137 1043
137 1147
137 1396
248 401
248 515
248 575
248 601
248 661
248 671
248 699
248 734
248 743
248 769
248 945
248 1027
248 1090
248 1134
248 1147
248 1157
248 1467
260 293
260 333
260 515
260 611
260 617
260 683
260 749
260 903
260 1036
260 1043
260 1147
260 1396
293 333
293 515
293 611
293 683
293 734
293 749
293 903
293 1043
293 1147
293 1157
293 1396
401 515
401 575
401 601
401 661
401 671
401 699
401 734
401 743
401 769
401 945
401 1027
401 1090
401 1134
401 1147
401 1157
401 1396
401 1467
515 671
515 683
515 699
515 734
515 903
515 1027
515 1090
515 1147
515 1157
515 1396
671 601
671 661
671 699
671 734
671 743
671 945
671 1027
671 1090
671 1134
671 1147
671 1157
671 1396
671 1467
683 333
683 611
683 617
683 749
683 903
683 1036
683 1043
683 1147
699 575
699 601
699 661
699 734
699 743
699 769
699 945
699 1027
699 1090
699 1134
699 1147
699 1157
699 1396
699 1467
734 575
734 601
734 661
734 743
734 769
734 945
734 1027
734 1090
734 1134
734 1147
734 1157
734 1396
734 1467
903 333
903 611
903 617
903 749
903 1036
903 1043
903 1147
903 1396
1027 601
1027 661
1027 743
1027 945
1027 1090
1027 1134
1027 1147
1027 1157
1027 1396
1027 1467
1090 575
1090 601
1090 661
1090 743
1090 769
1090 945
1090 1134
1090 1147
1090 1157
1090 1396
1090 1467
1147 1157
1147 1396
1157 575
1157 743
1157 769
1157 1134
1157 1396
1157 1467
1396 611
1396 1467
336 158
336 610
336 675
336 823
336 1304
336 1309
610 158
610 675
610 1304
610 1309
675 158
675 1304
675 1309
823 1304
823 1309
1304 158
1304 1309
1309 158
1094 317
1051 1095
1051 1198
1095 1198
1432 1465
1432 1502
1465 1502
391 256
391 623
391 1231
391 1514
141 394
141 639
141 654
141 691
141 811
141 860
141 869
141 1092
141 1283
141 1356
394 639
394 691
394 811
394 869
394 1092
860 654
860 811
860 1092
860 1283
1283 654
1283 811
1283 1092
389 118
389 315
389 551
389 708
389 786
389 961
389 1581
389 1586
1300 198
1300 289
1300 914
1300 1383
114 295
114 326
114 495
114 740
114 897
114 935
114 1068
114 1117
114 1344
295 326
295 366
295 476
295 494
295 495
295 740
295 807
295 897
295 935
295 941
295 1068
295 1117
295 1255
295 1344
326 366
326 494
326 495
326 710
326 740
326 807
326 897
326 935
326 941
326 995
326 1068
326 1117
326 1255
326 1344
326 1443
326 1566
495 366
495 476
495 494
495 740
495 807
495 897
495 935
495 941
495 1068
495 1117
495 1255
495 1344
740 366
740 807
740 897
740 935
740 941
740 1068
740 1117
740 1255
740 1344
897 366
897 494
897 710
897 807
897 935
897 941
897 995
897 1068
897 1117
897 1255
897 1344
897 1443
897 1566
935 203
935 365
935 366
935 494
935 652
935 710
935 941
935 995
935 1068
935 1117
935 1255
935 1275
935 1344
935 1377
935 1443
935 1566
1068 203
1068 366
1068 476
1068 494
1068 652
1068 807
1068 941
1068 978
1068 995
1068 1117
1068 1255
1068 1344
1068 1443
1068 1566
1117 366
1117 807
1117 941
1117 1255
1117 1344
1344 710
1344 941
1344 1255
1344 1566
116 155
116 213
116 504
116 800
116 891
116 1046
116 1177
116 1190
116 1240
116 1444
116 1456
116 1493
116 1509
116 1578
155 213
155 504
155 800
155 891
155 1046
155 1177
155 1190
155 1240
155 1444
155 1456
155 1493
155 1509
155 1578
213 754
213 800
213 891
213 938
213 1046
213 1444
213 1509
213 1578
504 754
504 768
504 800
504 891
504 1046
504 1190
504 1240
504 1444
504 1456
504 1492
504 1493
504 1509
504 1578
800 754
800 891
800 1046
800 1444
800 1456
800 1493
800 1509
800 1578
891 754
891 938
891 1046
891 1444
891 1493
891 1509
891 1578
1046 754
1046 938
1046 1444
1046 1493
1046 1509
1046 1578
1177 169
1177 768
1177 1101
1177 1190
1177 1240
1177 1410
1177 1444
1177 1456
1177 1466
1177 1469
1177 1492
1177 1509
1177 1578
1190 768
1190 1240
1190 1410
1190 1444
1190 1456
1190 1466
1190 1492
1190 1493
1190 1509
1190 1578
1240 768
1240 1410
1240 1444
1240 1456
1240 1492
1240 1493
1240 1509
1240 1578
1444 754
1444 768
1444 1456
1444 1492
1444 1493
1444 1509
1444 1578
1456 169
1456 768
1456 1410
1456 1466
1456 1492
1456 1493
1456 1509
1456 1578
1493 754
1493 768
1493 1492
1493 1509
1493 1578
1509 754
1509 768
1509 1492
1509 1578
1578 754
1578 768
1578 1492
117 185
117 524
117 625
117 761
117 804
117 1224
117 1355
117 1559
185 298
185 524
185 625
185 761
185 804
185 920
185 1224
185 1521
185 1559
524 625
524 761
524 804
524 1224
524 1355
524 1559
625 761
625 804
625 1224
625 1355
625 1559
761 804
761 1224
761 1355
761 1559
804 1224
804 1355
804 1559
1224 1355
1224 1559
1355 125
1355 925
1355 952
1355 1202
1355 1345
1355 1419
1355 1460
1355 1559
118 178
118 315
118 551
118 708
118 755
118 786
118 961
118 1139
118 1425
118 1581
118 1586
178 143
178 171
178 271
178 315
178 402
178 491
178 708
178 755
178 815
178 961
178 1063
178 1139
178 1247
178 1392
178 1425
178 1581
178 1586
315 551
315 708
315 755
315 786
315 961
315 1139
315 1425
315 1581
315 1586
551 708
551 755
551 786
551 961
551 1425
551 1581
551 1586
708 755
708 786
708 961
708 1139
708 1425
708 1581
708 1586
755 402
755 491
755 786
755 961
755 1139
755 1425
755 1581
755 1586
786 961
786 1425
786 1581
786 1586
961 1139
961 1425
961 1581
961 1586
1139 143
1139 171
1139 271
1139 402
1139 491
1139 815
1139 1063
1139 1247
1139 1392
1139 1425
1139 1581
1139 1586
1425 143
1425 144
1425 171
1425 271
1425 402
1425 491
1425 815
1425 1063
1425 1247
1425 1392
1425 1581
1425 1586
1581 143
1581 402
1581 491
1581 815
1581 1063
1581 1392
1581 1586
1586 143
1586 402
1586 491
1586 815
1586 1063
1586 1392
119 234
119 259
119 267
119 330
119 355
119 386
119 526
119 603
119 999
119 1008
119 1080
119 1102
119 1149
119 1386
234 259
234 267
234 330
234 355
234 386
234 526
234 603
234 999
234 1008
234 1080
234 1102
234 1149
234 1386
259 127
259 216
259 319
259 341
259 603
259 924
259 988
259 999
259 1080
259 1266
259 1330
259 1367
259 1415
267 150
267 198
267 204
267 289
267 330
267 355
267 386
267 414
267 526
267 914
267 1017
267 1080
267 1383
267 1386
267 1416
267 1553
330 150
330 176
330 198
330 204
330 355
330 386
330 414
330 526
330 542
330 1008
330 1017
330 1080
330 1295
330 1386
330 1416
330 1553
355 150
355 198
355 386
355 414
355 526
355 542
355 1008
355 1017
355 1080
355 1295
355 1386
355 1416
355 1553
386 150
386 176
386 198
386 204
386 414
386 526
386 542
386 1008
386 1017
386 1080
386 1295
386 1386
386 1416
386 1553
526 150
526 176
526 414
526 542
526 1008
526 1017
526 1080
526 1102
526 1145
526 1149
526 1295
526 1386
526 1416
526 1553
603 127
603 216
603 319
603 341
603 924
603 988
603 999
603 1080
603 1266
603 1330
603 1367
603 1415
999 127
999 216
999 319
999 341
999 924
999 988
999 1080
999 1266
999 1330
999 1367
999 1415
1008 176
1008 542
1008 1080
1008 1102
1008 1145
1008 1149
1008 1295
1008 1386
1080 1102
1080 1149
1080 1386
1102 176
1102 942
1102 1145
1102 1149
1149 176
1149 942
1149 1145
1386 150
1386 198
1386 414
1386 542
1386 1017
1386 1295
1386 1416
1386 1553
694 794
694 905
694 1055
694 1276
694 1381
694 1463
905 236
905 367
905 441
905 479
905 640
905 794
905 1055
905 1276
905 1373
905 1381
905 1463
1055 479
1055 794
1055 1276
1055 1381
1055 1463
1276 794
1276 1381
1276 1463
1381 794
1381 1463
1463 794
125 728
125 780
125 925
125 952
125 1202
125 1345
125 1419
125 1460
125 1480
728 780
728 925
728 952
728 1345
728 1419
728 1460
728 1480
780 925
780 1419
780 1460
780 1480
925 952
925 1345
925 1419
925 1460
925 1480
952 1202
952 1345
952 1419
952 1460
952 1480
1202 351
1202 405
1202 1070
1202 1262
1202 1345
1202 1460
1345 1419
1345 1460
1345 1480
1419 1460
1419 1480
1460 1480
126 314
126 437
126 476
126 516
126 1446
126 1530
314 437
314 516
314 567
314 1393
314 1446
314 1451
314 1484
314 1508
314 1530
314 1546
437 516
437 567
437 1393
437 1446
437 1451
437 1484
437 1508
437 1530
437 1546
476 366
476 494
476 516
476 807
476 978
476 1446
516 366
516 807
516 978
516 1446
516 1530
1446 978
1446 1508
1446 1530
1446 1546
1530 567
1530 1393
1530 1451
1530 1484
1530 1508
1530 1546
127 216
127 319
127 924
127 988
127 1266
127 1330
127 1367
127 1415
216 319
216 341
216 361
216 924
216 988
216 1000
216 1266
216 1330
216 1367
216 1389
216 1415
319 341
319 361
319 924
319 988
319 1000
319 1266
319 1330
319 1367
319 1389
319 1415
924 341
924 988
924 1266
924 1330
924 1367
924 1415
988 341
988 1266
988 1330
988 1367
988 1415
1266 341
1266 361
1266 618
1266 1330
1266 1367
1266 1389
1266 1415
1266 1488
1330 1367
1330 1415
1367 1415
1415 341
128 206
128 966
128 986
128 1049
128 1079
128 1161
128 1259
128 1349
206 318
206 853
206 966
206 986
206 1049
206 1079
206 1123
206 1161
206 1259
206 1349
966 147
966 318
966 642
966 777
966 853
966 986
966 1019
966 1049
966 1079
966 1123
966 1161
966 1259
966 1349
986 318
986 853
986 1049
986 1079
986 1161
986 1259
986 1349
1049 318
1049 853
1049 1079
1049 1161
1049 1259
1049 1349
1079 1161
1079 1259
1079 1349
1161 1259
1161 1349
1259 318
1259 853
1259 1123
1259 1349
129 411
129 567
129 665
129 829
129 876
129 1078
129 1393
129 1451
129 1484
129 1508
129 1546
411 567
411 665
411 829
411 876
411 1078
411 1393
411 1451
411 1484
411 1508
411 1546
567 829
567 876
567 1078
567 1393
567 1451
567 1484
567 1508
567 1546
665 284
665 299
665 509
665 722
665 829
665 876
665 892
665 896
665 1078
665 1104
665 1229
665 1289
665 1500
829 876
829 1078
829 1393
829 1451
829 1484
829 1508
829 1546
876 299
876 722
876 896
876 1078
876 1104
876 1289
876 1393
876 1451
876 1484
876 1500
876 1508
876 1546
1078 896
1078 1393
1078 1451
1078 1484
1393 1451
1393 1484
1393 1508
1393 1546
1451 1484
1451 1508
1451 1546
1484 1508
1484 1546
1508 1500
1508 1546
1546 1500
130 169
130 175
130 228
130 245
130 282
130 381
130 508
130 520
130 527
130 573
130 676
130 765
130 1013
130 1059
130 1101
130 1414
130 1437
130 1469
130 1510
130 1549
130 1580
169 228
169 282
169 508
169 573
169 676
169 1013
169 1101
169 1414
169 1437
169 1466
169 1469
175 228
175 245
175 282
175 377
175 381
175 508
175 520
175 527
175 902
175 1111
175 1279
175 1437
175 1580
228 245
228 282
228 377
228 381
228 508
228 520
228 527
228 573
228 902
228 1013
228 1059
228 1101
228 1437
228 1469
228 1580
245 282
245 377
245 381
245 508
245 520
245 527
245 902
245 1111
245 1279
245 1437
245 1580
282 381
282 508
282 520
282 527
282 573
282 676
282 765
282 1013
282 1059
282 1101
282 1414
282 1437
282 1469
282 1510
282 1549
282 1580
381 520
381 527
381 573
381 765
381 1013
381 1059
381 1437
381 1549
381 1580
508 377
508 520
508 573
508 902
508 1031
508 1101
508 1279
508 1437
508 1469
520 377
520 527
520 902
520 1111
520 1279
520 1437
520 1580
527 573
527 765
527 1013
527 1059
527 1437
527 1549
527 1580
573 676
573 1013
573 1059
573 1101
573 1414
573 1437
573 1469
573 1510
573 1580
676 578
676 1013
676 1059
676 1101
676 1414
676 1437
676 1466
676 1469
676 1510
765 782
765 870
765 1013
765 1059
765 1105
765 1510
765 1549
765 1580
1013 578
1013 1059
1013 1101
1013 1414
1013 1437
1013 1469
1013 1510
1013 1549
1013 1580
1059 782
1059 870
1059 1101
1059 1414
1059 1437
1059 1469
1059 1510
1059 1549
1059 1580
1101 1414
1101 1437
1101 1466
1101 1469
1101 1510
1414 578
1414 1437
1414 1466
1414 1469
1414 1510
1437 377
1437 1469
1437 1580
1469 1466
1469 1510
1510 578
1510 782
1510 870
1510 923
1510 1549
1549 782
1549 870
1549 1105
1549 1580
1369 182
1369 327
134 196
134 276
134 375
134 426
134 558
196 192
196 276
196 375
196 426
196 558
196 680
196 858
196 1204
276 375
276 426
276 558
375 184
375 426
375 532
375 558
375 680
426 558
558 184
558 532
252 417
252 507
252 921
252 1230
252 1338
252 1401
252 1507
921 1230
921 1338
921 1401
1230 1338
1230 1401
1338 417
1338 507
1338 1401
1338 1507
333 611
333 617
333 749
333 1036
333 1043
611 617
611 749
611 1043
617 385
617 484
617 657
617 749
617 1036
617 1043
749 385
749 484
749 657
749 1036
749 1043
1036 385
1036 484
1036 657
1036 1043
380 410
380 850
380 871
380 1010
380 1468
410 182
410 327
410 850
410 871
410 1010
410 1468
850 327
850 871
850 1010
850 1468
871 182
871 327
871 1010
871 1468
1010 327
1010 1468
1468 182
1468 327
639 691
639 811
639 869
639 1092
639 1356
654 811
654 1092
654 1356
691 477
691 697
691 811
691 869
691 1092
691 1356
811 477
811 697
811 869
811 1092
811 1356
869 1092
869 1356
1092 477
1092 697
1092 1356
1356 477
1356 697
143 144
143 171
143 271
143 346
143 402
143 491
143 815
143 960
143 1063
143 1247
143 1392
144 171
144 271
144 346
144 402
144 491
144 815
144 960
144 1063
144 1247
144 1392
171 271
171 346
171 402
171 491
171 815
171 960
171 1063
171 1247
171 1392
271 346
271 402
271 491
271 815
271 960
271 1063
271 1247
271 1392
346 402
346 491
346 815
346 960
346 1063
346 1247
346 1392
402 491
402 815
402 960
402 1063
402 1247
402 1392
491 815
491 960
491 1063
491 1247
491 1392
815 960
815 1063
815 1247
815 1392
960 1063
960 1247
960 1392
1063 1247
1063 1392
1247 1392
1401 417
1401 507
1401 844
1401 1507
146 378
146 382
146 1003
146 1203
146 1538
378 382
378 1538
382 1538
1003 1203
1003 1538
1203 1538
147 318
147 642
147 777
147 853
147 1019
147 1123
147 1547
318 642
318 777
318 853
318 1019
318 1123
318 1547
642 777
642 853
642 1019
642 1123
642 1192
642 1547
777 853
777 1019
777 1123
777 1192
777 1547
853 1019
853 1123
853 1547
1019 1123
1019 1192
1019 1547
1123 1547
1547 1192
162 759
162 1382
162 1548
759 1382
759 1548
1548 1382
150 198
150 204
150 289
150 414
150 542
150 914
150 1017
150 1295
150 1383
150 1416
150 1553
198 204
198 289
198 914
198 1017
198 1383
198 1416
198 1553
204 289
204 414
204 914
204 1017
204 1383
204 1416
204 1553
289 914
289 1017
289 1383
289 1416
289 1553
414 176
414 542
414 1017
414 1295
414 1416
414 1553
542 176
542 1017
542 1145
542 1295
542 1416
542 1553
914 1017
914 1383
914 1416
914 1553
1017 1295
1017 1383
1017 1416
1017 1553
1295 176
1295 1145
1295 1416
1295 1553
1383 1416
1383 1553
1416 1553
151 240
151 590
151 843
151 849
151 1047
151 1071
151 1166
151 1252
151 1282
151 1354
151 1408
151 1431
151 1441
240 590
240 843
240 1047
240 1071
240 1166
240 1252
240 1282
240 1354
240 1408
240 1441
590 843
590 1047
590 1071
590 1166
590 1252
590 1282
590 1354
590 1408
590 1441
843 849
843 1005
843 1047
843 1071
843 1166
843 1181
843 1252
843 1282
843 1335
843 1354
843 1408
843 1431
843 1441
849 209
849 274
849 1005
849 1071
849 1181
849 1252
849 1282
849 1335
849 1431
1047 1071
1047 1166
1047 1252
1047 1282
1047 1354
1047 1408
1047 1441
1071 433
1071 1166
1071 1181
1071 1252
1071 1282
1071 1354
1071 1408
1071 1441
1166 636
1166 1252
1166 1282
1166 1354
1166 1408
1166 1441
1252 1282
1252 1354
1252 1408
1252 1431
1252 1441
1282 1354
1282 1408
1282 1431
1282 1441
1354 636
1354 1408
1354 1441
1408 636
1408 1441
1431 209
1431 274
1431 281
1431 296
1431 300
1431 1005
1431 1318
1431 1335
153 225
153 579
153 689
153 848
153 1515
225 579
225 689
225 848
225 1515
579 848
579 1515
689 190
689 1515
848 1515
212 338
212 364
212 497
212 730
212 877
212 893
212 1082
212 1088
212 1152
212 1324
338 497
338 718
338 730
338 893
338 1082
338 1088
338 1152
338 1324
497 718
497 730
497 893
497 1082
497 1088
497 1152
497 1324
718 265
718 893
718 1088
718 1163
718 1324
730 354
730 364
730 658
730 825
730 877
730 893
730 1082
730 1152
730 1324
893 1082
893 1088
893 1152
893 1324
1082 364
1082 877
1082 1088
1082 1152
1082 1324
1088 265
1088 1152
1088 1324
1152 364
1152 877
1152 1324
156 1316
210 413
210 433
210 1258
210 1438
210 1482
210 1571
413 433
413 1181
413 1258
413 1438
413 1482
413 1571
1258 433
1258 1181
1258 1438
1258 1482
1258 1571
1438 433
1438 1482
1438 1571
1482 433
1482 1181
1482 1571
1571 433
1571 1181
190 752
190 767
190 906
190 1185
752 539
752 615
752 767
752 792
752 906
752 940
752 1185
752 1288
767 539
767 615
767 792
767 906
767 940
767 1185
767 1288
160 608
160 693
160 852
160 1073
160 1124
160 1545
608 434
608 693
608 809
608 852
608 1073
608 1124
608 1545
693 434
693 809
693 852
693 1073
693 1124
693 1545
852 1073
852 1124
852 1545
1073 434
1073 809
1073 1124
1073 1144
1073 1362
1073 1545
1124 1545
1545 434
1545 809
1545 1144
1545 1362
959 1060
959 1064
1060 1064
1382 255
1382 342
166 265
166 1163
166 1208
265 1163
1163 1208
165 202
165 486
165 562
165 682
165 1001
165 1093
165 1171
165 1337
165 1376
165 1471
202 486
202 562
202 1093
202 1171
202 1337
202 1376
486 682
486 1093
486 1171
486 1337
486 1376
486 1471
562 682
562 1001
562 1093
562 1109
562 1125
562 1171
562 1337
562 1376
562 1471
682 358
682 587
682 981
682 1001
682 1093
682 1171
682 1337
682 1376
682 1471
1001 358
1001 587
1001 981
1001 1093
1001 1109
1001 1125
1001 1337
1001 1376
1001 1429
1001 1471
1093 1171
1093 1337
1093 1376
1093 1471
1171 1337
1171 1376
1171 1471
1337 1376
1337 1471
1376 358
1376 587
1376 981
1376 1109
1376 1125
1376 1471
1471 358
1471 587
1471 981
434 809
434 1144
434 1362
809 1144
809 1362
273 422
273 429
273 831
273 901
273 1074
273 1197
273 1433
273 1504
273 1544
273 1562
1186 655
1186 686
1186 704
1186 758
1186 845
1186 1074
1186 1197
1186 1433
1186 1525
1186 1574
1197 429
1197 831
1197 1074
1197 1433
1197 1504
1197 1525
1197 1562
1197 1574
1525 655
1525 686
1525 704
1525 758
1525 845
1525 1074
1525 1433
1525 1574
1562 422
1562 429
1562 831
1562 901
1562 1074
1562 1433
1562 1504
1562 1544
1574 655
1574 686
1574 704
1574 758
1574 845
1574 1074
1574 1433
1466 768
1466 1410
1466 1492
221 1217
221 1333
221 1513
1217 383
1217 511
1217 1241
1217 1333
1217 1513
174 450
174 506
174 670
174 714
174 1004
174 1146
450 506
450 714
450 1146
506 714
506 1146
670 1004
714 1146
377 384
377 771
377 902
377 1031
377 1111
377 1257
377 1279
377 1305
902 384
902 771
902 1031
902 1111
902 1257
902 1279
1111 241
1111 384
1111 771
1111 1031
1111 1257
1111 1279
1111 1293
1111 1305
1279 241
1279 302
1279 384
1279 771
1279 979
1279 1031
1279 1257
1279 1293
1279 1305
176 1145
1145 942
1145 1061
1144 1362
316 422
316 655
316 758
316 845
316 901
316 1039
316 1074
316 1433
316 1504
316 1541
316 1544
422 429
422 831
422 901
422 1039
422 1074
422 1294
422 1433
422 1504
422 1541
422 1544
758 655
758 686
758 704
758 845
758 1039
758 1074
758 1433
758 1504
758 1541
901 429
901 831
901 1039
901 1074
901 1294
901 1433
901 1504
901 1541
901 1544
1039 655
1039 845
1039 1074
1039 1433
1039 1504
1039 1541
1039 1544
1074 429
1074 655
1074 686
1074 704
1074 831
1074 845
1074 1433
1074 1504
1074 1541
1074 1544
1433 429
1433 655
1433 686
1433 704
1433 831
1433 845
1433 1504
1433 1541
1433 1544
1504 429
1504 831
1504 1294
1504 1541
1504 1544
1541 655
1541 845
1541 1544
1544 429
1544 831
1544 1294
181 219
181 343
181 442
181 732
181 826
181 828
181 872
181 1053
181 1054
181 1127
181 1150
181 1167
181 1183
181 1227
181 1286
181 1287
181 1350
219 343
219 344
219 416
219 442
219 732
219 826
219 828
219 872
219 1053
219 1054
219 1121
219 1127
219 1150
219 1167
219 1183
219 1227
219 1286
219 1287
219 1350
219 1555
343 442
343 585
343 732
343 826
343 872
343 1053
343 1054
343 1183
343 1555
442 253
442 262
442 344
442 585
442 732
442 826
442 872
442 1053
442 1054
442 1127
442 1167
442 1183
442 1227
442 1555
732 585
732 826
732 872
732 1053
732 1054
732 1183
732 1555
826 344
826 585
826 872
826 1053
826 1054
826 1127
826 1167
826 1183
826 1227
826 1286
826 1350
826 1555
828 266
828 294
828 360
828 416
828 674
828 997
828 1053
828 1121
828 1127
828 1150
828 1167
828 1227
828 1251
828 1286
828 1287
828 1350
828 1395
872 344
872 585
872 1053
872 1054
872 1127
872 1167
872 1183
872 1227
872 1286
872 1350
872 1555
1053 253
1053 262
1053 344
1053 416
1053 585
1053 1054
1053 1121
1053 1127
1053 1167
1053 1183
1053 1227
1053 1286
1053 1287
1053 1350
1053 1395
1053 1555
1054 344
1054 585
1054 1127
1054 1167
1054 1183
1054 1227
1054 1286
1054 1350
1054 1555
1127 266
1127 344
1127 416
1127 674
1127 1121
1127 1150
1127 1167
1127 1227
1127 1286
1127 1287
1127 1350
1127 1395
1150 266
1150 294
1150 360
1150 416
1150 674
1150 1121
1150 1167
1150 1227
1150 1251
1150 1286
1150 1287
1150 1350
1167 266
1167 344
1167 416
1167 674
1167 1121
1167 1227
1167 1286
1167 1287
1167 1350
1167 1395
1183 585
1183 1555
1227 253
1227 262
1227 344
1227 416
1227 674
1227 997
1227 1121
1227 1286
1227 1287
1227 1350
1227 1395
1286 266
1286 416
1286 674
1286 1121
1286 1287
1286 1350
1287 266
1287 294
1287 360
1287 416
1287 674
1287 997
1287 1121
1287 1251
1287 1350
1287 1395
1350 266
1350 416
1350 674
1350 1121
182 327
561 808
561 950
561 958
561 1089
561 1115
561 1189
561 1225
808 950
808 958
808 1089
808 1115
808 1189
808 1225
950 958
950 1089
950 1115
950 1189
950 1225
958 1089
958 1115
958 1189
958 1225
1089 1115
1089 1189
1089 1225
1115 1189
1115 1199
1115 1225
1189 1225
184 222
184 532
184 1009
222 256
222 298
222 532
222 920
222 1009
222 1521
532 1009
1009 256
1009 298
1009 920
1009 1231
1009 1514
1009 1521
298 256
298 920
298 1521
920 256
920 1521
1521 256
186 290
186 356
186 371
186 496
186 536
186 660
186 766
186 842
290 356
290 371
290 496
290 536
290 660
290 766
290 842
290 985
290 1342
356 371
356 536
356 660
356 766
356 842
356 985
356 1342
371 496
371 536
371 660
371 766
371 842
496 536
496 660
496 842
536 660
536 766
536 842
536 1342
660 766
660 842
766 842
766 985
766 1342
766 1429
1527 839
1527 1447
906 539
906 615
906 940
906 1185
906 1288
1185 940
1185 1288
192 243
192 255
192 342
192 680
192 858
192 929
192 1204
243 255
243 342
243 680
243 858
243 929
243 1204
255 342
255 680
255 858
255 929
255 1204
342 680
342 858
342 929
342 1204
680 858
680 929
680 1204
858 929
858 1204
929 1204
354 364
354 658
354 825
354 877
354 1182
354 1404
364 658
364 825
364 877
658 825
658 877
658 1182
658 1404
825 877
825 1182
825 1404
877 1182
877 1404
1182 596
1182 918
1182 1404
1182 1487
1404 596
1404 918
1404 1487
203 365
203 366
203 494
203 652
203 941
203 978
203 995
203 1255
203 1275
203 1443
203 1566
365 494
365 652
365 710
365 941
365 995
365 1255
365 1275
365 1377
365 1443
365 1566
366 494
366 652
366 807
366 941
366 978
366 995
366 1255
366 1443
494 652
494 807
494 941
494 978
494 995
494 1255
494 1275
494 1443
494 1566
652 941
652 978
652 995
652 1255
652 1275
652 1443
652 1566
941 710
941 807
941 978
941 995
941 1255
941 1275
941 1443
941 1566
978 807
978 995
978 1255
978 1443
995 710
995 1255
995 1275
995 1377
995 1443
995 1566
1255 710
1255 807
1255 1275
1255 1443
1255 1566
1275 710
1275 1377
1275 1443
1275 1566
1443 710
1443 1377
1443 1566
1566 710
1566 822
1566 1377
596 918
596 1487
918 1487
297 241
297 302
297 469
297 953
297 979
297 1155
297 1293
297 1313
469 241
469 302
469 953
469 979
469 1155
469 1293
469 1313
953 241
953 302
953 979
953 1155
953 1293
953 1313
1155 241
1155 302
1155 979
1155 1293
1155 1313
209 274
209 281
209 296
209 300
209 1005
209 1318
209 1335
209 1552
274 1005
274 1335
281 296
281 300
281 1318
296 300
296 1318
300 1005
300 1318
300 1552
1005 1335
1335 1181
433 1181
754 938
938 1120
215 467
215 539
215 615
215 792
215 940
215 1288
467 539
467 615
467 792
467 940
467 1288
539 615
539 792
539 940
539 1288
615 792
615 940
615 1288
792 940
792 1288
940 1288
341 361
341 1000
341 1389
341 1488
361 618
361 1000
361 1389
361 1488
1000 1389
1000 1488
1389 618
1389 1488
344 253
344 262
344 416
344 585
344 1121
344 1395
344 1555
416 266
416 674
416 997
416 1121
416 1395
1121 266
1121 674
1121 997
1121 1395
1555 585
1333 511
1333 1241
1333 1513
1513 511
1513 1241
256 623
256 1231
256 1514
236 367
236 398
236 441
236 479
236 640
236 878
236 1373
441 367
441 398
441 479
441 640
441 878
441 1373
1373 367
1373 398
1373 479
1373 640
1373 878
367 398
367 479
367 640
367 794
367 878
398 479
398 640
398 878
479 640
479 794
479 878
640 794
640 878
239 313
239 440
239 475
239 636
239 760
239 817
239 879
239 972
239 1142
239 1215
239 1321
239 1448
239 1534
313 440
313 475
313 760
313 817
313 879
313 1142
313 1215
313 1321
313 1448
440 357
440 475
440 636
440 760
440 817
440 879
440 972
440 1142
440 1215
440 1321
440 1448
440 1534
475 636
475 760
475 817
475 879
475 972
475 1142
475 1215
475 1321
475 1448
475 1534
636 817
636 879
636 972
636 1142
636 1215
636 1321
636 1448
636 1534
760 357
760 817
760 879
760 972
760 1142
760 1215
760 1321
760 1448
760 1534
817 879
817 972
817 1142
817 1215
817 1321
817 1448
817 1534
879 357
879 972
879 1142
879 1215
879 1321
879 1448
879 1534
972 357
972 1142
972 1215
972 1321
972 1448
972 1534
1142 1215
1142 1321
1142 1448
1142 1534
1215 1321
1215 1448
1215 1534
1321 1448
1321 1534
1448 1534
1534 357
241 302
241 384
241 771
241 979
241 1257
241 1293
241 1305
241 1313
302 384
302 771
302 979
302 1031
302 1257
302 1293
302 1305
302 1313
384 771
384 979
384 1031
384 1257
384 1293
384 1305
384 1313
771 979
771 1031
771 1257
771 1293
771 1305
771 1313
979 1031
979 1257
979 1293
979 1305
979 1313
1257 1031
1257 1293
1257 1305
1257 1313
1293 1031
1293 1305
1293 1313
1305 1031
1305 1313
575 601
575 661
575 743
575 769
575 945
575 1134
575 1467
601 661
601 743
601 769
601 945
601 1134
601 1467
661 743
661 769
661 945
661 1134
661 1467
743 769
743 945
743 1134
743 1467
769 945
769 1134
769 1467
945 1134
945 1467
1134 1467
417 507
417 844
417 1507
507 844
507 1507
1507 844
253 262
253 585
253 1395
262 585
262 1395
1395 674
1395 997
623 1231
623 1514
1231 1514
266 294
266 360
266 383
266 674
266 1251
294 360
294 383
294 674
294 1241
294 1251
360 383
360 674
360 1241
360 1251
383 674
383 1241
383 1251
674 997
674 1241
674 1251
1251 1241
429 831
429 1294
831 1294
284 299
284 509
284 892
284 896
284 1104
284 1229
299 509
299 722
299 892
299 896
299 1104
299 1229
299 1289
299 1500
509 722
509 892
509 896
509 1104
509 1229
509 1289
892 896
892 1104
892 1229
896 722
896 1104
896 1229
896 1289
1104 722
1104 1229
1104 1289
1104 1500
1229 722
1229 1289
985 1109
985 1125
985 1342
985 1429
1342 358
1342 587
1342 981
1342 1109
1342 1125
1342 1429
1241 511
1241 997
722 1289
722 1500
1289 1500
1410 768
1410 1492
655 686
655 704
655 845
845 686
845 704
710 822
710 1377
839 1447
1488 618
351 405
351 942
351 1061
351 1070
351 1262
405 942
405 1061
405 1070
405 1262
942 1061
942 1070
942 1262
1061 1070
1061 1262
1070 1262
358 587
358 981
358 1109
358 1125
358 1429
587 981
587 1109
587 1125
587 1429
981 1109
981 1125
981 1429
1109 1125
1109 1429
1125 1429
1377 822
385 484
385 657
385 1056
484 657
484 1056
657 1056
997 511
477 697
768 1492
578 923
923 782
923 870
923 1105
686 704
782 870
782 1105
870 1105
