aet	0.75	43.27	43.29	0.32	6842452.0	43.42	42.64	42.95	46.01	26.42	3.795E8	9.92		1.4	0.6	4.36	
aig	0.8	27.87	27.7	0.22	5866801.0	28.06	27.275	27.65	62.87	27.05			5.008E10				
agx	4.37	10.5	10.13	0.44	15483.0	10.5	10.02	10.06	10.6	7.4	1.3602E7		1.42821E8			0.46	
ipi	4.17	32.95	32.42	1.32	1074846.0	33.1	32.42	31.63	40.22	21.74	7.519E7	40.18	2.48E9			0.82	
dhr	1.01	53.01	52.68	0.53	2525560.0	53.25	52.55	52.48	56.09	35.24		18.8	3.52E10	0.15	0.08	2.82	
lxrx	3.47	1.79	1.75	0.06	972182.0	1.8	1.73	1.73	2.3	1.22	3.3766E8		6.0441E8			-0.31	
anr	1.63	46.06	45.84	0.74	3584333.0	46.35	45.25	45.32	68.05	33.24						1.08	
peb	1.45	20.28	20.09	0.29	182670.0	20.3	20.06	19.99	22.47	16.85	5.0889E7		1.03E9	2.4	0.48	-0.34	
twin	1.5	40.5	40.4	0.6	58986.0	40.82	39.53	39.9	41.7	10.52	1.136E7			0.8	0.32	1.17	
brli	1.57	20.03	19.98	0.31	417563.0	20.07	19.76	19.72	25.99	18.02	2.794E7	17.42				1.15	
rad	8.87	1.35	1.25	0.11	1.3427555E7	1.35	1.21	1.24	1.47	0.86	8.9023E8		1.2E9			-0.63	
ups	1.35	73.4	72.84	0.98	3090000.0	73.52	72.71	72.42	77.0	59.23	9.8621E8	19.16	7.239E10	2.87	2.08	3.83	
kar	1.27	18.3	18.16	0.23	73733.0	18.4	18.06	18.07	21.0	11.03	1.35898E8	24.73	2.49E9			0.74	
ter	3.71	13.98	13.67	0.5	3772630.0	14.01	13.64	13.48	19.19	8.84	1.85439E8		2.59E9			1.89	
ob	0.61	13.13	13.06	0.08	187576.0	13.24	12.92	13.05	16.63	12.46	9.442E7	7.77	1.24E9	6.4	0.21	1.69	
mako	6.44	32.24	30.5	1.95	682370.0	32.43	30.1	30.29	35.9	9.28	4.0959E7		1.32E9			-1.06	
ddic	1.16	9.41	9.61	-0.11	193350.0	9.63	9.37	9.52	12.35	7.62	2.0283E7			4.2	0.1	1.05	
cpa	2.24	68.42	67.8	1.5	196121.0	68.69	67.69	66.92	70.56	44.94				2.45	1.64	6.34	
qdel	1.74	15.8	15.58	0.27	59985.0	15.83	15.52	15.53	16.3	10.75	3.317E7	316.0				0.04	
ivac	3.83	10.03	9.81	0.37	51256.0	10.15	9.81	9.66	15.39	8.97	2.2838E7		2.2907E8			0.86	
pnm	1.82	16.8	16.61	0.3	850521.0	16.81	16.46	16.5	17.14	11.01	8.667E7			3.03	0.5	-0.22	
shoo	3.43	41.02	40.0	1.36	335192.0	41.16	39.9	39.66	41.16	21.22	4.232E7	22.29	1.74E9			1.84	
twx	1.87	35.45	35.21	0.65	5860000.0	35.69	34.97	34.8	38.62	29.21	1.0700000000000001E9	15.97	3.796E10	2.7	0.94	2.22	
els	0.72	65.99	65.53	0.47	249828.0	66.91	65.25	65.52	67.69	47.8	3.727E7	48.52		2.29	1.5	1.36	
get	1.38	30.94	30.82	0.42	286899.0	31.31	30.52	30.52	38.22	24.83	4.836E7		1.5E9			-1.88	
ma	1.25	311.39	309.35	3.84	1075726.0	312.77	308.37	307.55	322.28	191.0	1.20665E8	20.93	3.962E10	0.2	0.6	14.87	
lci	0.21	4.7	4.68	-0.01	179105.0	4.77	4.63	4.71	7.0	3.66	2.839E7	27.65				0.17	
tnc	4.6	41.84	40.47	1.84	47274.0	41.91	40.47	40.0	43.84	28.11	1.914E7	22.14		1.7	0.68	1.89	
pby	1.51	11.4	11.29	0.17	780215.0	11.46	11.19	11.23	15.96	8.44	5.267E7			1.07	0.12	0.7	
oxy	1.62	106.97	106.24	1.71	3093991.0	107.6	105.86	105.26	117.89	72.13	8.12875E8		8.695E10	1.75	1.84	6.15	
dri	2.08	53.61	52.88	1.09	1482628.0	53.65	52.75	52.52	53.74	39.25	1.3643E8			3.27	1.72	3.4	
phh	0.05	19.2	19.26	-0.01	814837.0	19.34	18.92	19.21	25.55	17.96	5.626E7	12.39	1.08E9			1.59	
ajg	1.96	26.97	27.46	-0.54	1445220.0	27.46	26.88	27.51	31.92	24.3			2.97E9	4.8	1.32	1.51	
hbcp	0.42	14.35	14.28	0.06	27819.0	14.35	14.25	14.29	16.19	12.34	8084000.0	23.15				0.62	
dxpe	2.05	26.94	26.68	0.54	32311.0	27.0	25.5	26.4	27.0	16.75	1.411E7	18.25				1.48	
vz	0.71	36.97	36.81	0.26		36.98	36.58	36.71	38.95	26.41		29.58		5.31	1.95	1.25	
mnro	1.57	37.45	37.26	0.58	309394.0	37.71	36.81	36.87	38.48	24.57			1.14E9	0.87	0.32	1.44	
gti	1.88	21.09	20.88	0.39	720655.0	21.15	20.78	20.7	23.89	13.87	1.45156E8		3.06E9			1.31	
vcbi	2.56	6.0	5.91	0.15	53790.0	6.04	5.86	5.85	6.9	4.62	2.964E7	10.34	1.7787E8			0.58	
comv	4.75	3.01	3.17	-0.15	137778.0	3.17	3.01	3.16	10.43	2.5	2.5323E7					-1.25	
azo	1.01	298.33	296.71	2.97	268293.0	299.21	296.16	295.36	302.0	201.9	4.156E7	16.52	1.24E10			18.06	
gef	0.35	63.59	63.6	0.22	106895.0	63.82	63.22	63.37	67.57	54.9	2.4839E7	12.84	3.0E9	2.65	1.68	4.95	
usph	1.01	23.97	23.94	0.24	31841.0	24.24	23.54	23.73	26.23	15.3	1.1802E7			1.35	0.32	1.36	
cstr	2.72	59.2	58.09	1.57	800566.0	59.55	57.92	57.63	67.56	37.8	3.136E7		1.86E9			2.19	
amt	1.32	52.91	52.47	0.69	1620181.0	53.18	52.41	52.22	56.84	43.74	3.96631E8	58.14	2.099E10			0.91	
cmtl	1.38	28.67	28.41	0.39	371000.0	28.78	28.28	28.28	32.0	20.19	2.604E7				1.0	2.22	
ren	1.67	17.04	16.88	0.28	1052898.0	17.22	16.85	16.76	18.55	10.48	6.097E7		1.04E9			-0.29	
abbc	1.1	10.14	10.1	0.11	28749.0	10.18	10.01	10.03	13.23	8.79	2.023E7			2.39	0.24	0.39	
mdso	0.94	22.46	22.49	0.21	224885.0	23.06	21.86	22.25	27.39	14.75	2.427E7					1.0	
crmt	3.42	37.23	36.18	1.23	53409.0	37.45	35.92	36.0	37.45	20.4	1.022E7	14.66	3.8038E8			2.54	
acas	1.65	9.86	9.76	0.16	2197050.0	9.9	9.73	9.7	10.85	4.79	3.5267E8		3.48E9			3.56	
meru	1.67	10.98	10.92	0.18	180085.0	11.04	10.72	10.8	27.33	10.44	1.7347E7					-0.26	
idxx	2.18	79.12	77.97	1.69	304068.0	79.73	77.97	77.43	82.91	54.8	5.734E7	32.43	4.54E9			2.44	
jll	2.17	92.14	90.86	1.96	232064.0	92.42	90.67	90.18	107.84	63.42	4.2927E7	26.33	3.96E9	0.33	0.3	3.5	
anth	2.74	8.25	8.06	0.22	41946.0	8.36	7.5	8.03	9.08	2.82	3.964E7					-1.68	
etm	6.97	8.59	8.11	0.56	102747.0	8.61	8.11	8.03	13.63	4.97	3.84E7					1.15	
ccmp	3.68	44.79	43.57	1.59	103678.0	45.07	43.57	43.2	52.69	29.6	2.3515E7	18.98				2.36	
tho	0.3	26.59	26.01	0.08	706421.0	26.61	25.34	26.51	39.12	22.5	5.584E7	13.03	1.48E9	1.5	0.4	2.05	
aria	3.42	13.02	12.5	0.43	4360000.0	13.03	12.49	12.59	13.03	2.9	1.31994E8		1.72E9			0.65	
dy	2.94	17.53	17.21	0.5	174630.0	17.6	17.14	17.03	18.23	7.3	3.405E7					0.2	
stba	2.54	17.36	17.02	0.43	76003.0	17.38	16.96	16.93	23.91	16.64	2.8056E7	14.97		3.54	0.6	1.16	
chrs	1.6	4.44	4.42	0.07	944860.0	4.48	4.38	4.37	4.93	2.84	1.1625E8					-0.28	
hpy	0.51	19.75	19.77	0.1	200696.0	20.15	19.64	19.65	22.06	13.48	3.8544E7	27.43		0.81	0.16	0.71	
hma	2.35	10.45	10.27	0.24	2259360.0	10.53	10.26	10.21	11.74	6.13	2.5317E8		2.65E9			0.63	
alth	2.49	2.06	2.04	0.05	423173.0	2.09	2.03	2.01	5.97	1.84	1.05614E8		2.1756E8			-0.68	
ipcm	2.54	49.7	48.77	1.23	41873.0	49.81	48.52	48.47	52.25	22.66	1.6370000000000002E7					1.58	
epl	3.25	17.14	16.82	0.54	313067.0	17.42	16.65	16.6	18.56	9.61	4.0192E7					-0.7	
nwe	1.57	33.69	33.42	0.52	169530.0	33.69	33.14	33.17	34.11	26.63	3.626E7	15.04	1.22E9	4.34	1.44	2.24	
tpgi	0.63	3.17	3.5	-0.02	89828.0	3.5	3.15	3.19	4.6	2.76	3.7095E7		1.1759E8			-0.35	
t	0.66	30.32	30.16	0.2		30.35	29.97	30.12	31.94	24.5	5.922E9			5.71	1.72	3.51	
untd	2.62	6.26	6.17	0.16	590586.0	6.29	6.02	6.1	7.5	4.75	8.8638E7	10.61		6.56	0.4	0.59	
sf	1.29	36.97	36.74	0.47	293111.0	36.98	36.45	36.5	49.94	28.72	5.372E7		1.96E9			-0.1	
opxt	0.45	2.22	2.27	0.01	621785.0	2.27	2.2	2.21	4.45	1.29	9.028E7		2.0043E8			-0.36	
nafc	2.93	38.0	37.18	1.08	42120.0	38.02	36.77	36.92	44.94	33.38	1.211E7			1.95	0.72	3.86	
fcel	12.7	1.42	1.33	0.16	4828741.0	1.44	1.32	1.26	2.41	0.98	1.2698E8					-0.6	
vci	2.82	30.97	30.29	0.85	386879.0	31.04	30.27	30.12	37.44	25.7	4.9135E7		1.52E9			1.61	
pike	3.49	9.49	9.28	0.32	28326.0	9.55	9.28	9.17	10.49	6.66	3.3652E7		3.1935E8			-0.14	
dis	2.04	39.54	39.04	0.79	7790000.0	39.73	38.99	38.75	44.34	31.55	1.890154E9	17.5	7.474E10	1.03	0.4	2.27	
tg	3.04	20.01	19.67	0.59	45937.0	20.01	19.52	19.42	23.2	15.79	3.2E7			0.9	0.18	0.87	
vphm	2.26	19.49	19.3	0.43	388400.0	19.58	19.08	19.06	22.16	10.4	7.5965E7		1.48E9			1.62	
ba	1.41	70.53	70.11	0.98		70.99	69.31	69.55	80.65	59.48	7.38275E8	15.58	5.207E10	2.42	1.68	4.52	
wern	0.04	24.9	25.05	-0.01	437416.0	25.26	24.53	24.91	27.17	19.67	7.28E7	21.28	1.81E9	0.8	0.2	1.17	
icog	4.76	2.86	2.78	0.13	262856.0	2.89	2.71	2.73	3.26	1.2	2.5407E8	2.4				1.19	
avy	13.65	32.65	33.12	-5.16	6840000.0	33.93	32.55	37.81	43.52	31.66	1.06875E8	11.34		2.64	1.0	2.86	
lea	0.83	51.13	51.24	0.42	1399860.0	51.57	50.33	50.71	57.03	33.48	1.0514E8	10.48	5.38E9	0.99	0.5	4.88	
lll	0.65	81.53	81.17	0.53	508764.0	81.78	81.05	81.0	88.55	66.11	1.06128E8	9.89	8.65E9	2.22	1.8	8.25	
newp	1.2	16.85	16.78	0.2	241909.0	16.92	16.74	16.65	19.84	9.07	3.746E7		6.3127E8			1.49	
kbh	3.14	9.52	9.42	0.29	3734897.0	9.59	9.32	9.23	16.11	8.95	7.7005E7		7.3309E8	2.71	0.25	-2.17	
umh	3.74	11.1	10.75	0.4	26807.0	11.1	10.68	10.7	11.93	9.19	1.4181E7	21.35	1.5741E8	6.73	0.72	0.52	
c	0.74	38.02	37.83	0.28	3.2090000000000004E7	38.18	37.42	37.74	51.5	36.3	2.92E9		1.1104E11	0.11	0.04		
cec	1.82	41.48	41.09	0.74	213334.0	41.65	40.81	40.74	42.75	30.44	1.985E7	15.54	8.2322E8	1.96	0.8	2.67	
hckt	0.21	4.88	4.92	0.01	50223.0	5.0	4.84	4.87	5.24	2.7	4.086E7	13.94	1.9939E8			0.35	
blk	1.91	183.69	181.49	3.44	1209571.0	183.94	179.71	180.25	209.77	139.16	1.9229E8	16.3		3.05	5.5	11.27	
hhgp	7.88	5.89	5.54	0.43	47284.0	5.9	5.39	5.46	7.11	2.93						-0.02	
kss	2.67	56.58	55.43	1.47	2644412.0	56.77	55.32	55.11	58.0	44.07	2.8109E8		1.59E10	1.81	1.0	3.76	
ceco	4.03	23.98	23.28	0.93	534557.0	24.0	23.24	23.05	27.93	16.36	7.76E7		1.86E9			2.21	
crs	4.49	57.95	55.85	2.49	552857.0	58.18	55.81	55.46	59.04	30.17	4.402E7	50.39	2.55E9	1.3	0.72	1.14	
urs	0.46	43.3	43.52	0.2	657349.0	43.83	43.16	43.1	48.32	35.09	7.8634E7		3.4E9			3.16	
tiny	3.26	5.39	5.26	0.17	95707.0	5.39	5.22	5.22	6.3	3.7	3.1001E7	21.56	1.6709E8			0.25	
kwk	2.83	14.19	13.9	0.39	2441693.0	14.19	13.77	13.8	15.98	11.16	1.7111E8		2.43E9			1.97	
atvi	1.62	11.89	11.8	0.19	4912263.0	11.97	11.76	11.7	12.65	10.4	1.14E9		1.36E10		0.17	0.44	
adbe	2.19	29.4	29.02	0.63	4800000.0	29.63	28.93	28.77	35.99	25.45	4.9387E8		1.452E10			1.88	
akam	0.62	29.24	29.37	0.18	2830000.0	29.57	29.12	29.06	54.65	28.69	1.8671E8	31.11	5.46E9			0.95	
alxn	2.88	53.2	52.11	1.49	1241169.0	53.21	52.06	51.71	53.21	24.73	1.8384E8		9.78E9			0.55	
altr	2.37	43.56	43.15	1.01	6920000.0	44.49	42.98	42.55	49.59	24.48	3.2222E8	16.34	1.404E10	0.56	0.24	2.67	
amzn	3.09	218.06	213.77	6.53	4340000.0	218.4	213.77	211.53	218.4	105.8	4.5204E8	94.4				2.31	
amgn	1.12	55.27	55.01	0.61	4821365.0	55.51	54.87	54.66	61.53	50.26	9.2973E8	11.49	5.139E10			4.81	
apol	2.01	50.3	49.72	0.99	3210000.0	50.33	49.53	49.31	53.61	33.75	1.3776E8					2.95	
aapl	0.82	376.85	378.0	3.05	2.451E7	378.65	373.32	373.8	378.65	235.56	9.24755E8	17.96				20.98	
amat	2.93	12.66	12.39	0.36		12.72	12.39	12.3	16.93	10.27	1.32E9	10.64	1.6690000000000002E10	2.6	0.32	1.19	
adsk	2.83	36.33	35.59	1.0	4330000.0	36.57	35.58	35.33	46.15	24.77	2.3095E8	35.27	8.390000000000001E9			1.03	
adp	1.32	53.03	52.71	0.69	2196499.0	53.18	52.39	52.34	55.12	38.41	4.99705E8	21.64	2.65E10	2.75	1.44	2.45	
bidu	2.99	152.56	150.22	4.43	7330000.0	152.75	149.72	148.13	156.04	70.38	3.4881E8		5.321E10			1.82	
bbby	0.64	59.55	59.6	0.38	2300000.0	60.15	59.25	59.17	60.55	35.55	2.4926E8	18.16				3.28	
biib	3.33	107.21	104.14	3.46	1510000.0	107.33	104.12	103.75	109.63	51.74	2.4163E8		2.591E10			4.36	
bmc	3.83	53.7	52.33	1.98	2230000.0	53.94	52.33	51.72	56.55	34.47	1.7593E8	21.48				2.5	
brcm	6.22	34.68	33.11	2.03	9330000.0	34.77	33.11	32.65	47.39	29.9	4.826E8	17.43		1.1	0.36	1.98	
chrw	1.58	79.3	78.64	1.23	573396.0	79.45	78.54	78.07	82.61	57.01	1.65564E8	32.77	1.313E10	1.49	1.16	2.42	
ca	2.11	22.27	21.97	0.46	4433573.0	22.54	21.86	21.81	25.68	17.7	5.0738E8			0.92	0.2	1.61	
celg	2.37	60.54	59.34	1.4	1945913.0	60.6	59.34	59.14	63.46	48.92	4.628E8	31.53	2.802E10			1.92	
cern	3.27	63.55	62.24	2.01	650333.0	63.64	62.06	61.54	64.48	36.03	1.68212E8	43.23	1.069E10			1.47	
chkp	1.7	60.13	61.03	-1.04	3986486.0	61.46	60.0	61.17	61.46	32.4	2.0841E8					2.23	
csco	1.46	15.66	15.55	0.22	5.742E7	15.695	15.42	15.44	26.0	14.78	5.500185E9		8.613E10		0.06	1.27	
ctxs	2.99	77.43	75.92	2.25	1470000.0	77.47	75.92	75.18	88.49	44.99	1.88E8		1.456E10			1.59	
ctsh	2.9	74.46	73.22	2.1	1544958.0	74.62	73.2	72.36	83.48	52.5	3.0425E8	29.2	2.265E10			2.55	
cmcsa	2.24	24.47	24.1	0.53	1.34E7	24.57	24.07		27.16	16.76	2.084368E9	18.54		1.88	0.45	1.32	
cost	2.15	80.81	79.76	1.7	1610000.0	80.95	79.7	79.11	83.95	53.49	4.3781E8	25.25	3.538E10	1.21	0.96	3.2	
ctrp	1.24	44.15	44.19	0.54	1600000.0	44.5	43.58	43.61	53.16	36.64	1.43564E8					1.11	
dell	3.75	17.42	16.93	0.63	2.362E7	17.44	16.93	16.79	17.44	11.34	1.89E9	10.43				1.67	
xray	1.99	39.43	38.93	0.77	1080000.0	39.5	38.87	38.66	40.16	27.76	1.40775E8		5.55E9	0.52	0.2	1.89	
dtv	2.18	52.8	52.07	1.13	4090000.0	52.91	52.06		53.4	34.96	7.67785E8	20.63	4.054E10			2.72	
dltr	2.04	68.93	68.12	1.38	785904.0	68.99	67.92	67.55	70.54	40.6	1.2228E8	19.98	8.43E9			3.45	
ebay	3.26	33.76	33.08	1.06	1.772E7	34.06	32.76	32.7	35.35	19.92	1.297899E9	23.77				1.42	
erts	2.08	24.1	23.8	0.49	9150000.0	24.24	23.8	23.61	25.05	14.6	3.32448E8		8.01E9			-0.84	
expe	1.92	30.32	30.04	0.57	7210000.0	30.6	29.93	29.75	31.01	19.61	2.7338E8	20.77	8.289999999999999E9	0.94	0.28	1.46	
expd	1.87	49.68	49.25	0.91	1028548.0	49.72	49.08	48.77	57.15	38.49	2.1237E8	28.72	1.055E10	1.03	0.5	1.73	
esrx	0.26	51.85	51.99	0.13	5500000.0	52.2	51.52	51.72	60.89	41.55		22.35				2.32	
ffiv	6.11	118.65	113.33	6.83		118.69	113.0	111.82	145.76	72.48	8.1111E7	48.43	9.62E9			2.46	
fast	2.44	34.44	33.96	0.82	1864236.0	34.44	33.85	33.62	36.8	22.32	2.94861E8	32.19	1.016E10		0.13	1.06	
fslr	1.65	123.94	123.13	2.01	955053.0	125.94	122.57	121.93	175.45	111.4	8.6161E7	17.68				7.01	
fisv	1.89	61.33	60.61	1.14	1140000.0	61.53	60.27	60.19	65.41	44.85	1.4361E8		8.81E9			3.24	
flex	2.76	6.32	6.2	0.17	3225094.0	6.33	6.15	6.15	8.5	4.86		8.43				0.75	
flir	0.17	28.83	28.85	0.05	1780000.0	29.0	28.71	28.78	37.29	24.0	1.59683E8	19.09	4.6E9	0.83	0.24	1.51	
grmn	0.47	32.23	32.18	0.15	781428.0	32.315	32.0	32.08	36.42	26.11	2.08077E8		6.25E9		1.6	3.27	
gild	2.17	41.695	41.1	0.885		41.95	40.89	40.81	42.93	31.73	7.8705E8	13.06				3.19	
goog	1.28	602.55	596.14	7.61	2910000.0	604.68	595.53	594.94	642.96	447.65	2.52993E8		1.9417E11			27.73	
gmcr	6.32	94.582	90.07	5.622	1930000.0	94.65	89.89	88.96	96.91	26.14		119.72				0.79	
hpq	1.68	35.61	35.24	0.59		35.71	34.93	35.02	49.39	33.95	2.074156E9	8.75	7.386E10	1.37	0.48	4.07	
hsic	1.32	72.76	72.2	0.95	279890.0	72.9	72.0	71.81	74.98	50.96	9.2252E7	19.88	6.71E9			3.66	
ilmn	1.5	72.2	71.33	1.07	1037000.0	72.66	71.15	71.13	79.4	41.15	1.2313E8		8.89E9			0.86	
infy	2.26	62.01	61.4	1.37	1175100.0	62.09	61.35	60.64	77.92	56.73	5.7135E8	22.8				2.72	
intc	3.5	23.06	22.44	0.78		23.1	22.44	22.28	23.96	17.6	5.3E9	10.78	1.2226E11		0.21	2.15	
intu	1.17	48.96	48.82	0.56		49.24	48.5	48.4	56.46	36.33	3.04E8		1.488E10			2.05	
isrg	3.48	374.9	365.91	12.62	590069.0	375.99	365.05	362.28	384.49	246.05	3.929E7	37.72	1.473E10			9.94	
joyg	1.91	98.52	97.76	1.85	1630961.0	99.3	97.42	96.67	103.44	53.13	1.0504E8	19.7		0.72	0.7	5.0	
klac	4.71	42.44	40.89	1.91	2969861.0	42.47	40.89	40.53	51.83	27.75	1.67903E8	10.91	7.13E9	2.47	1.0	3.89	
lrcx	2.32	42.37	41.73	0.96	1430000.0	42.55	41.71	41.41	59.1	35.39	1.2449E8	7.21	5.27E9			5.88	
linta	0.36	16.5	16.57	0.06	5530000.0	16.82	16.45	16.44	18.65	10.1	5.72144E8	16.5				1.0	
life	0.46	49.95	49.82	0.23	1730000.0	50.4	49.75	49.72	57.25	41.1	1.7877E8	24.85	8.93E9			2.01	
lltc	1.86	30.63	30.38	0.56	2040000.0	30.73	30.28	30.07	36.14	28.45	2.27734E8	12.98	6.98E9	3.19	0.96	2.36	
mrvl	3.76	15.18	14.78	0.55		15.23	14.71	14.63	22.01	13.17	6.11318E8	12.05	9.28E9			1.26	
mat	0.56	27.02	27.06	0.15	3620425.0	27.23	26.77	26.87	28.49	20.57	3.47588E8		9.39E9	3.4	0.92	1.94	
mxim	2.13	23.5	23.29	0.49	2102274.0	23.57	22.69	23.01	28.44	15.67	2.9537E8	16.91	6.94E9	3.65	0.84	1.39	
mchp	2.75	32.85	32.4	0.88	3034921.0	32.86	32.34	31.97	41.5	27.46	1.9048E8		6.26E9	4.33	1.38	2.15	
mu	4.01	7.52	7.28	0.29	2.886E7	7.53	7.28	7.23	11.95	6.36	1.0E9		7.55E9			0.62	
msft	3.57	27.54	26.81	0.95		27.64	26.78	26.59	29.46	23.32	8.432767E9			2.41	0.64	2.52	
myl	2.42	23.69	23.25	0.56	5798015.0	23.705	23.2	23.13	25.46	16.87	4.3925E8		1.041E10			0.73	
ntap	3.23	51.8	50.65	1.62	4380000.0	51.99	50.55	50.18	61.02	37.04	3.7111E8	30.29	1.922E10			1.71	
nflx	2.97	287.29	284.0	8.29	2710539.0	289.31	283.94	279.0	304.79	95.33		82.55				3.48	
nwsa	5.51	15.79	15.27	0.825		16.03	15.22	14.97	18.35	11.91	2.63E9	14.1		1.0	0.15	1.11	
nihd	1.96	42.06	41.6	0.81	1201401.0	42.29	41.6	41.25	46.32	35.55	1.70197E8		7.16E9			2.25	
nvda	3.09	14.221	13.84	0.426		14.25	13.84	13.8	26.17	8.65	6.0029E8					0.41	
orly	0.26	62.36	62.52	0.16	1145814.0	62.87	62.02	62.2	66.52	45.74	1.3787E8	21.0	8.6E9			2.98	
orcl	3.65	32.64	31.91	1.15		32.67	31.89	31.49	36.5	21.66	5.07E9	19.54	1.6534E11	0.76	0.24	1.67	
pcar	2.62	49.66	48.8	1.27	2330000.0	49.85	48.56	48.39	58.75	39.77	3.6547E8	31.23	1.815E10		0.18	1.59	
payx	1.19	29.75	29.55	0.35	2320000.0	29.89	29.54	29.4	33.91	24.65	3.6185E8	20.95	1.077E10	4.22	1.24	1.42	
pcln	4.03	537.5	521.98	20.84	947649.0	538.86	520.49	516.66	561.88	216.03	4.965E7					11.38	
qgen	0.95	18.07	17.84	0.17	1374565.0	18.09	17.8	17.9	22.2	16.86	2.3283E8	31.16				0.58	
qcom	3.08	56.98	55.99	1.7	1.4528996E7	57.245	55.87	55.28	59.84	35.74	1.67E9	24.77		1.56	0.86	2.3	
rimm	0.34	26.77	26.82	0.09	1.508E7	27.05	26.42	26.68	70.54	25.82		4.25				6.31	
rost	0.69	77.73	77.8	0.53	856981.0	78.38	77.65	77.2	83.11	48.71	1.1696E8	15.72	9.09E9	1.14	0.88	4.95	
sndk	3.65	41.98	40.89	1.48		42.25	40.89	40.5	53.6	33.03	2.38372E8	7.85				5.35	
stx	2.42	16.93	16.62	0.4	9140000.0	17.0	16.61	16.53	18.35	9.84	4.30085E8	10.65	7.28E9	4.36	0.18	1.58	
shld	2.97	75.89	74.8	2.19	333845.0	76.44	73.54	73.7	94.79	60.12	1.07706E8		8.17E9			-0.48	
sial	2.46	73.79	72.9	1.77	675983.0	73.94	72.65	72.02	76.16	51.44	1.21827E8	22.5	8.99E9	1.0	0.72	3.28	
spls	2.51	15.51	15.25	0.38	1.0255634E7	15.54	15.2	15.13	23.75	14.75	7.13154E8			2.64	0.4	1.24	
sbux	2.34	40.32	39.81	0.92	5597678.0	40.36	39.71	39.4	41.11	22.5	7.496E8	28.2		1.32	0.52	1.43	
srcl	2.55	92.09	90.57	2.29	229239.0	92.11	90.57	89.8	95.71	61.02	8.585E7	37.28	7.91E9			2.47	
symc	3.15	19.46	19.06	0.59		19.55	18.99		20.5	12.04	7.55541E8	25.61	1.47E10			0.76	
teva	1.06	47.8	47.63	0.5	3950000.0	47.92	47.32	47.3	57.08	44.86		12.85		1.72		3.72	
urbn	1.84	31.59	31.31	0.57	1430000.0	31.83	31.23	31.02	39.26	27.96	1.5969E8					1.53	
vrsn	1.44	33.72	33.5	0.48	1606221.0	33.91	33.37	33.24	37.73	27.66	1.6847E8		5.68E9			4.68	
vrtx	2.72	50.92	49.99	1.35	989896.0	51.07	49.9	49.57	58.87	32.0	2.05998E8		1.049E10			-3.8	
vmed	1.43	27.04	26.79	0.38	3669699.0	27.14	26.52	26.66	33.32	17.68	3.1727E8		8.58E9	0.6	0.16		
vod	1.61	25.86	25.56	0.41	6860000.0	25.88	25.56	25.45	32.7	21.61							
wcrx	0.09	22.98	23.13	-0.02	1270537.0	23.29	22.73	23.0	30.57	19.01	2.5387E8		5.83E9			0.65	
wfm	3.18	65.92	64.54	2.03	916105.0	66.03	64.48	63.89	67.42	34.04	1.75713E8	38.1		0.63	0.4	1.73	
wynn	1.59	162.27	169.15	2.62	5820000.0	172.58	160.72	164.89	165.31	77.37	1.24758E8			1.21	2.0	2.45	
xlnx	1.23	33.69	33.52	0.41	3957930.0	33.92	33.5	33.28	37.37	23.96	2.65625E8	14.1	8.95E9	2.28	0.76	2.39	
yhoo	1.18	14.59	14.57	0.17		14.69	14.45	14.42	18.84	12.94	1.302941E9		1.901E10			0.85	
