aet	0.18	43.36	43.64	-0.08	4378684.0	43.74	43.18	43.44	46.01	26.42	3.795E8	9.94		1.38	0.6	4.36	
aig	0.95	28.23	28.62	-0.27	5881389.0	28.63	27.93	28.5	62.87	27.1			5.072E10				
agx	0.38	10.35	10.41	-0.04	21429.0	10.5	9.97	10.39	10.6	7.4	1.3602E7					0.46	
ipi	1.42	32.2	31.98	0.45	558920.0	32.45	31.67	31.75	40.22	21.67	7.519E7	39.27	2.42E9			0.82	
dhr	0.27	52.62	52.49	0.14	4726161.0	52.73	51.71	52.48	56.09	35.24		18.66	3.494E10	0.15	0.08	2.82	
lxrx	6.71	1.75	1.64	0.11	1280734.0	1.77	1.64	1.64	2.3	1.22	3.3766E8		5.909E8			-0.31	
anr	2.89	45.55	44.74	1.28	4906175.0	45.7	44.39	44.27	68.05	33.24						1.08	
peb	0.85	20.16	20.07	0.17	378938.0	20.22	19.88	19.99	22.47	16.85	5.0889E7		1.03E9	2.4	0.48	-0.34	
twin	3.13	40.15	39.31	1.22	52797.0	40.22	38.63	38.93	41.7	10.52	1.136E7			0.82	0.32	1.17	
brli	1.71	20.1	20.61	-0.35	403551.0	20.71	20.04	20.45	25.99	18.02	2.794E7	17.48				1.15	
rad		1.28	1.28		7188324.0	1.29	1.26	1.28	1.47	0.86	8.9023E8		1.14E9			-0.63	
ups	0.38	73.08	73.65	-0.28	4210000.0	73.65	72.33	73.36	77.0	59.23	9.8621E8	19.08	7.207E10	2.84	2.08	3.83	
kar	0.33	18.22	18.32	-0.06	119886.0	18.43	18.08	18.28	21.0	11.03	1.35898E8	24.62	2.48E9			0.74	
ter	0.59	13.69	13.71	0.08	2801741.0	13.74	13.43	13.61	19.19	8.84	1.85439E8		2.54E9			1.89	
ob	0.83	13.1	13.26	-0.11	76559.0	13.38	13.05	13.21	16.63	12.46	9.442E7	7.75	1.24E9		0.21	1.69	
mako	0.19	31.69	31.68	0.06	529256.0	32.41	31.14	31.63	35.9	9.28	4.0959E7		1.3E9			-1.06	
ddic	1.26	9.61	9.52	0.12	131593.0	9.63	9.35	9.49	12.35	7.62	2.0283E7				0.1	1.05	
cpa	0.44	68.88	68.95	0.3	174622.0	69.46	67.8	68.58	70.56	44.94			2.99E9	2.39	1.64	6.34	
qdel	0.06	15.67	15.69	-0.01	133940.0	15.84	15.57	15.68	16.3	10.75	3.317E7	313.4	5.1970000000000006E8			0.04	
ivac	1.43	9.66	9.82	-0.14	44743.0	9.9	9.6	9.8	15.39	8.97	2.2838E7		2.2062E8			0.86	
pnm	0.72	16.76	16.64	0.12	776503.0	16.77	16.58	16.64	17.14	11.01	8.667E7			3.0	0.5	-0.22	
shoo	1.19	40.78	40.65	0.48	293770.0	40.82	40.04	40.3	40.83	21.22	4.232E7	22.16	1.73E9			1.84	
twx	0.36	35.63	36.02	-0.13	7494106.0	36.21	35.27	35.76	38.62	29.21	1.0700000000000001E9	16.05	3.815E10	2.63	0.94	2.22	
els	0.89	65.81	65.24	0.58	244097.0	65.82	64.94	65.23	67.69	47.8	3.727E7	48.39		2.3	1.5	1.36	
get	2.27	31.02	30.44	0.69	518365.0	31.13	30.25	30.33	38.22	24.83	4.836E7		1.5E9			-1.88	
ma	0.61	307.55	306.57	1.87	1000828.0	309.3	305.43	305.68	322.28	191.0	1.20665E8	20.67	3.913E10	0.2	0.6	14.87	
lci	1.05	4.73	4.75	-0.05	159733.0	4.78	4.66	4.78	7.0	3.66	2.839E7	27.82	1.3428E8			0.17	
tnc	0.15	40.65	40.81	-0.06	95786.0	41.08	40.13	40.71	43.84	28.11	1.914E7	21.51		1.67	0.68	1.89	
pby	3.75	11.63	11.29	0.42	1040000.0	11.65	11.26	11.21	15.96	8.44	5.267E7			1.07	0.12	0.7	
oxy	1.92	105.34	103.83	1.98	4750000.0	105.55	103.49	103.36	117.89	72.13	8.12875E8		8.563E10	1.78	1.84	6.15	
dri	0.29	52.6	52.56	0.15	1840000.0	52.91	52.1	52.45	53.74	39.25	1.3643E8			3.28	1.72	3.4	
phh	1.36	19.55	19.86	-0.27	555037.0	19.86	19.43	19.82	25.55	17.96	5.626E7	12.61	1.1E9			1.59	
ajg	1.1	27.77	28.18	-0.31	401472.0	28.21	27.63	28.08	31.92	24.3			3.06E9	4.7	1.32	1.51	
hbcp	0.14	14.37	14.41	-0.02	63168.0	14.41	14.3	14.39	16.19	12.34	8084000.0	23.18				0.62	
dxpe	2.0	27.0	26.44	0.53	60764.0	27.0	26.44	26.47	27.0	16.57	1.411E7	18.29	3.8084E8			1.48	
vz	0.14	36.83	36.83		1.206E7	36.99	36.65	36.88	38.95	26.41		29.46		5.29	1.95	1.25	
mnro	1.04	37.01	36.7	0.38	169293.0	37.13	36.27	36.63	38.48	24.53			1.13E9	0.87	0.32	1.44	
gti	0.53	20.93	20.94	0.11	467927.0	21.01	20.62	20.82	23.89	13.87	1.45156E8		3.04E9			1.31	
vcbi	0.33	6.01	5.99	0.02	67373.0	6.03	5.99	5.99	7.13	4.62	2.964E7	10.36				0.58	
comv	1.9	3.22	3.25	0.06	44117.0	3.25	3.08	3.16	10.43	2.5	2.5323E7					-1.25	
azo	0.2	297.28	298.66	-0.6	292053.0	298.66	294.08	297.88	302.0	201.51	4.156E7	16.46				18.06	
gef	0.68	64.8	64.38	0.44	130527.0	64.98	63.75	64.36	67.57	54.9	2.4839E7	16.2	3.06E9	2.61	1.68	4.95	
usph	1.93	24.76	24.34	0.47	44737.0	24.8	23.81	24.29	26.23	15.3	1.1802E7	18.21	2.9222E8	1.32	0.32	1.36	
cstr	1.24	58.8	58.57	0.72	884571.0	59.23	57.75	58.08	67.56	37.8	3.136E7		1.84E9			2.19	
amt	1.74	53.23	52.53	0.91	2261715.0	53.28	52.39	52.32	56.84	43.74	3.96631E8	58.49	2.111E10			0.91	
cmtl	0.1	28.72	28.8	0.03	406071.0	28.9	28.55	28.69	32.0	20.19	2.604E7	12.94			1.0	2.22	
ren	3.52	17.05	16.52	0.58	319864.0	17.12	16.52	16.47	18.55	10.48	6.097E7		1.04E9			-0.29	
abbc	0.78	10.24	10.33	-0.08	32410.0	10.42	10.16	10.32	13.23	8.77	2.023E7			2.33	0.24	0.39	
mdso	4.51	22.63	23.05	-1.07	456041.0	23.06	22.25	23.7	27.39	14.75	2.427E7					1.0	
crmt	3.45	36.55	35.4	1.22	188821.0	36.76	35.32	35.33	36.76	20.4	1.022E7	14.39	3.7343E8			2.54	
acas	0.3	9.81	9.89	-0.03	2673553.0	10.0	9.71	9.84	10.85	4.79	3.5267E8		3.46E9			3.56	
meru	0.83	10.99	10.99	0.09	156581.0	11.1	10.87	10.9	27.33	10.44	1.7347E7					-0.26	
idxx	0.11	78.49	78.68	0.09	166088.0	79.35	77.86	78.4	82.91	54.8	5.734E7	32.17	4.5E9			2.44	
jll	1.81	91.24	90.26	1.62	238601.0	91.25	89.53	89.62	107.84	63.42	4.2927E7	26.07	3.92E9	0.33	0.3	3.5	
anth	0.38	8.01	7.98	0.03	63998.0	8.1	7.9	7.98	9.08	2.82	3.964E7					-1.68	
etm	2.14	8.25	8.43	-0.18	297939.0	8.5	8.03	8.43	13.63	4.97	3.84E7					1.15	
ccmp	0.46	43.37	43.34	0.2	153006.0	43.66	42.91	43.17	52.69	29.6	2.3515E7	18.37	1.02E9			2.36	
tho	0.11	27.4	27.46	0.03	417281.0	27.46	27.04	27.37	39.12	22.5	5.584E7	13.43	1.53E9	1.46	0.4	2.05	
aria	3.28	12.58	12.28	0.4	3258737.0	12.62	12.09	12.18	12.62	2.78	1.31994E8		1.66E9			0.65	
dy	3.42	17.24	16.73	0.57	560604.0	17.29	16.73	16.67	18.23	7.3	3.405E7					0.2	
stba	0.8	17.36	17.52	-0.14	80581.0	17.88	17.25	17.5	23.91	16.64	2.8056E7	14.97		3.43	0.6	1.16	
chrs	0.0	4.41	4.42	0.0	1080000.0	4.43	4.35	4.41	4.93	2.84	1.1625E8		5.1265E8			-0.28	
hpy	0.89	20.31	20.15	0.18	204829.0	20.45	20.1	20.13	22.06	13.48	3.8544E7	28.21		0.79	0.16	0.71	
hma	1.06	10.44	10.39	0.11	1939927.0	10.45	10.2	10.33	11.74	6.13	2.5317E8		2.64E9			0.63	
alth	0.99	2.0	2.02	-0.02	464068.0	2.1	2.0	2.02	6.12	1.84	1.05614E8		2.11228E8			-0.68	
ipcm	0.12	49.77	49.74	0.06	83776.0	50.67	49.2	49.71	52.25	22.66	1.6370000000000002E7	31.5				1.58	
epl	6.95	16.32	15.5	1.06	280412.0	16.68	15.34	15.26	18.56	9.61	4.0192E7					-0.7	
nwe		33.69	33.67		289495.0	33.69	33.37	33.69	34.11	26.63	3.626E7	15.04	1.22E9	4.27	1.44	2.24	
tpgi	1.19	3.32	3.37	-0.04	40025.0	3.38	3.27	3.36	4.6	2.76	3.7095E7					-0.35	
t	0.82	30.33	30.7	-0.25	2.836E7	30.7	30.2	30.58	31.94	24.5	5.922E9			5.62	1.72	3.51	
untd	1.63	6.22	6.12	0.1	435837.0	6.23	6.05	6.12	7.5	4.75	8.8638E7	10.54	5.5133E8	6.54	0.4	0.59	
sf	1.17	37.19	36.9	0.43	678100.0	37.21	36.83	36.76	49.94	28.72	5.372E7		1.97E9			-0.1	
opxt	2.74	2.25	2.19	0.06	715254.0	2.27	2.17	2.19	4.45	1.29	9.028E7		2.0314E8			-0.36	
nafc	1.41	37.42	37.09	0.52	46582.0	37.51	36.99	36.9	44.94	33.38	1.211E7			1.95	0.72	3.86	
fcel	1.52	1.3	1.32	-0.02	2207209.0	1.34	1.26	1.32	2.41	0.98	1.2698E8		1.6507E8			-0.6	
vci	0.13	30.2	30.21	0.04	543490.0	30.3	29.64	30.16	37.44	25.7	4.9135E7		1.48E9			1.61	
pike	0.54	9.3	9.27	0.05	49163.0	9.6	9.27	9.25	10.49	6.66	3.3652E7		3.1296E8			-0.14	
dis	0.78	39.27	39.72	-0.31		39.82	38.98	39.58	44.34	31.55	1.890154E9	17.38	7.423E10	1.01	0.4	2.27	
tg	1.92	19.65	19.43	0.37	73496.0	19.91	19.26	19.28	23.2	15.79	3.2E7		6.2887E8	0.93	0.18	0.87	
vphm	0.05	19.34	19.38	-0.01	707498.0	19.47	19.01	19.35	22.16	10.4	7.5965E7		1.47E9			1.62	
ba	0.11	71.27	71.7	0.08	3830000.0	71.71	70.85	71.19	80.65	59.48	7.38275E8		5.262E10	2.36	1.68	4.52	
wern	0.04	25.35	25.41	-0.01	546041.0	25.42	25.03	25.36	27.17	19.67	7.28E7	21.67	1.85E9	0.79	0.2	1.17	
icog	1.09	2.78	2.76	0.03	230712.0	2.81	2.71	2.75	3.26	1.2	2.5407E8	2.34				1.19	
avy	0.6	38.41	38.36	0.23	717718.0	38.45	38.06	38.18	43.52	31.66	1.06875E8	13.34		2.62	1.0	2.86	
lea	1.32	52.36	53.19	-0.7	711209.0	53.49	51.84	53.06	57.03	33.48	1.0514E8	10.73	5.51E9	0.94	0.5	4.88	
lll	0.41	82.03	82.61	-0.34	677674.0	82.65	81.4	82.37	88.55	66.11	1.06128E8	9.95	8.71E9	2.19	1.8	8.25	
newp	0.76	16.99	17.19	-0.13	201364.0	17.31	16.86	17.12	19.84	9.07	3.746E7		6.3652E8			1.49	
kbh	1.99	9.35	9.63	-0.19	4654710.0	9.65	9.29	9.54	16.11	9.29	7.7005E7		7.2E8	2.62	0.25	-2.17	
umh	0.37	10.85	10.88	-0.04	22742.0	10.93	10.83	10.89	11.93	9.19	1.4181E7	20.87		6.61	0.72	0.52	
c	1.64	38.38	40.14	-0.64	6.947E7	40.39	38.12	39.02	51.5	36.3	2.92E9		1.1209E11	0.1	0.04		
cec	1.28	41.02	41.62	-0.53	163248.0	41.67	40.79	41.55	42.75	30.44	1.985E7		8.1409E8	1.93	0.8	2.67	
hckt	0.2	4.89	4.92	-0.01	66467.0	5.03	4.86	4.9	5.24	2.7	4.086E7	13.97	1.998E8			0.35	
blk	1.25	184.54	187.79	2.27	741820.0	187.8	182.35	182.27	209.77	139.16	1.9229E8	16.38		3.02	5.5	11.27	
hhgp	3.22	5.77	5.61	0.18	78043.0	5.8	5.54	5.59	7.11	2.93						-0.02	
kss	0.39	55.75	56.08	-0.22	2632286.0	56.08	55.33	55.97	58.0	44.07	2.8109E8		1.567E10	1.79	1.0	3.76	
ceco	0.65	23.14	23.05	0.15	659184.0	23.18	22.88	22.99	27.93	16.36	7.76E7		1.8E9			2.21	
crs	2.39	55.79	54.83	1.3	577684.0	55.84	54.33	54.49	59.04	30.17	4.402E7	48.51	2.46E9	1.32	0.72	1.14	
urs	1.13	43.94	43.69	0.49	434840.0	44.01	43.29	43.45	48.32	35.09	7.8634E7	13.91	3.46E9			3.16	
tiny	0.56	5.35	5.19	-0.03	94943.0	5.42	5.19	5.38	6.3	3.7	3.1001E7	21.4	1.6585E8			0.25	
kwk	2.34	13.98	14.03	0.32	3725075.0	14.26	13.79	13.66	15.98	10.98	1.7111E8		2.39E9			1.97	
atvi	0.59	11.91	11.87	0.07	5550000.0	11.98	11.8	11.84	12.65	10.4	1.14E9		1.363E10	1.39	0.17	0.44	
adbe	0.2	29.29	29.43	-0.06	5125758.0	29.57	29.02	29.35	35.99	25.45	4.9387E8		1.447E10			1.88	
akam	0.78	29.85	29.92	0.23	3500111.0	30.09	29.46	29.62	54.65	28.69	1.8671E8	31.76	5.57E9			0.95	
alxn	2.15	52.37	51.43	1.1	1730000.0	52.47	51.15	51.27	52.66	24.73	1.8384E8		9.63E9			0.55	
altr	0.21	42.67	42.71	0.09	4520000.0	42.85	41.91	42.58	49.59	24.48	3.2222E8	15.98	1.375E10	0.56	0.24	2.67	
amzn	1.18	212.87	213.08	2.49	4026186.0	214.53	209.29	210.38	218.32	105.8	4.5204E8	92.15	9.623E10			2.31	
amgn	1.13	55.05	55.37	-0.63	9130000.0	55.42	54.74	55.68	61.53	50.26	9.2973E8	11.44	5.118E10			4.81	
apol	0.98	49.62	49.43	0.48	2181148.0	49.73	49.01	49.14	53.61	33.75	1.3776E8					2.95	
aapl	2.0	364.92	361.17	7.15	1.701E7	365.0	359.17	357.77	364.9	235.56	9.24755E8	17.39				20.98	
amat	1.47	12.45	12.26	0.18	1.9965157E7	12.49	12.18	12.27	16.93	10.27	1.32E9	10.46	1.641E10	2.61	0.32	1.19	
adsk	0.55	36.15	36.53	-0.2	2619103.0	36.8	35.82	36.35	46.15	24.77	2.3095E8	35.1	8.35E9			1.03	
adp	0.34	53.11	53.38	-0.18	2630000.0	53.59	52.72	53.29	55.12	38.41	4.99705E8	21.68	2.654E10	2.7	1.44	2.45	
bidu	4.34	146.93	145.15	6.11	8301821.0	147.24	143.67	140.82	156.04	70.38	3.4881E8		5.125E10			1.82	
bbby	0.26	58.66	59.04	-0.15		59.23	58.06	58.81	60.55	35.55	2.4926E8	17.88				3.28	
biib	0.78	104.0	102.72	0.81	1576567.0	104.69	102.55	103.19	109.63	51.74	2.4163E8	23.88	2.513E10			4.36	
bmc	0.06	52.65	52.83	0.03	1451078.0	53.0	52.36	52.62	56.55	34.47	1.7593E8	21.06	9.26E9			2.5	
brcm	1.19	33.27	33.09	0.39	6572481.0	33.43	32.64	32.88	47.39	29.9	4.826E8	16.72		1.09	0.36	1.98	
chrw	0.46	78.56	79.06	-0.36	989441.0	79.16	77.78	78.92	82.61	57.01	1.65564E8	32.46	1.301E10	1.47	1.16	2.42	
ca	0.59	21.98	22.17	-0.13	6172655.0	22.22	21.73	22.11	25.68	17.7	5.0738E8			0.9	0.2	1.61	
celg	0.15	60.67	60.77	0.09	1700000.0	61.01	60.25	60.58	63.46	48.92	4.628E8	31.6	2.808E10			1.92	
cern	0.16	61.9	62.26	0.1	754056.0	62.9	61.56	61.8	64.48	36.03	1.68212E8	42.11	1.041E10			1.47	
chkp	0.02	56.58	56.71	-0.01	2840000.0	56.98	55.27	56.59	58.57	32.34	2.0841E8		1.179E10			2.23	
csco	1.04	15.59	15.52	0.16	5.4238076E7	15.7	15.45	15.43	26.0	14.78	5.500185E9		8.575E10		0.06	1.27	
ctxs	2.78	76.47	74.92	2.07	2027685.0	76.64	74.27	74.4	88.49	44.99	1.88E8		1.438E10			1.59	
ctsh	1.48	74.06	73.56	1.08	2250000.0	74.16	73.11	72.98	83.48	52.48	3.0425E8	29.04	2.253E10			2.55	
cmcsa	1.21	24.13	24.39	-0.3	2.5171246E7	24.39	23.93		27.16	16.76	2.084368E9	18.28		1.84	0.45	1.32	
cost	0.58	79.86	80.36	-0.47	2150000.0	80.57	79.4	80.33	83.95	53.49	4.3781E8	24.96	3.497E10	1.2	0.96	3.2	
ctrp	0.99	44.06	44.6	-0.44	1550000.0	45.27	43.62	44.5	53.16	36.0						1.11	
dell	1.68	16.97	16.7	0.28	1.8970758E7	16.99	16.66	16.69	17.22	11.34	1.89E9	10.16				1.67	
xray	0.28	39.26	39.26	0.11	978278.0	39.47	38.99	39.15	40.16	27.76	1.40775E8		5.53E9	0.51	0.2	1.89	
dtv	0.02	52.15	52.2	0.01	5020000.0	52.36	51.78	52.14	53.4	34.84	7.67785E8	20.37	4.004E10			2.72	
dltr	0.13	68.83	69.02	-0.09	812840.0	69.72	68.2	68.92	70.54	40.6	1.2228E8		8.42E9			3.45	
ebay	1.93	32.81	32.52	0.62	1.586402E7	33.03	32.33	32.19	35.35	19.92	1.297899E9	23.11	4.258E10			1.42	
erts	0.38	23.6	23.63	0.09	1.0578874E7	23.77	23.42	23.51	25.05	14.6	3.32448E8		7.85E9			-0.84	
expe	0.17	30.26	30.33	0.05	3568970.0	30.69	29.92	30.21	31.01	19.61	2.7338E8	20.73	8.27E9	0.93	0.28	1.46	
expd	0.88	49.45	49.99	-0.44	1493635.0	50.05	48.9	49.89	57.15	38.49	2.1237E8	28.58	1.05E10	1.0	0.5	1.73	
esrx	0.97	51.96	52.49	-0.51	7040000.0	52.78	51.59	52.47	60.89	41.55		22.4				2.32	
ffiv	2.69	113.94	112.41	2.98	1794308.0	113.99	110.66	110.96	145.76	72.48	8.1111E7	46.51	9.24E9			2.46	
fast	0.18	34.3	34.36	0.06	1410000.0	34.56	34.02	34.24	36.8	22.32	2.94861E8			1.52	0.13	1.06	
fslr	1.18	124.64	123.06	1.45	1130000.0	125.06	122.35	123.19	175.45	111.4	8.6161E7	17.78	1.074E10			7.01	
fisv	1.0	61.37	62.91	-0.62	916902.0	62.91	61.27	61.99	65.41	44.85	1.4361E8		8.81E9			3.24	
flex	2.07	6.14	6.28	-0.13	4650000.0	6.35	6.12	6.27	8.5	4.86		8.19	4.65E9			0.75	
flir	9.93	28.92	27.9	-3.19	7160000.0	28.99	27.9	32.11	37.29	24.0	1.59683E8	19.15	4.62E9	0.75	0.24	1.51	
grmn	0.68	32.23	32.38	-0.22	878761.0	32.42	32.08	32.45	36.42	26.11	2.08077E8		6.25E9		1.6	3.27	
gild	0.65	41.0	41.27	-0.27	5962970.0	41.36	40.71	41.27	42.93	31.73	7.8705E8		3.2270000000000004E10			3.19	
goog	12.98	597.62	597.5	68.68	1.364E7	600.25	588.16	528.94	642.96	447.65	2.52993E8		1.9258E11			27.73	
gmcr	1.98	90.06	88.56	1.75	1270000.0	90.09	87.31	88.31	96.91	26.14		114.0	1.279E10			0.79	
hpq	0.11	35.09	35.28	-0.04	1.508E7	35.39	34.97	35.13	49.39	33.95	2.074156E9	8.62	7.278E10	1.37	0.48	4.07	
hsic	0.22	73.13	73.04	0.16	295007.0	73.13	72.46	72.97	74.98	50.96	9.2252E7	20.04	6.75E9			3.66	
ilmn	1.17	72.82	73.69	-0.86	998110.0	74.17	72.43	73.68	79.4	41.15	1.2313E8		8.97E9			0.86	
infy	0.38	61.39	61.6	0.23	1301829.0	62.2	61.02	61.16	77.92	56.73	5.7135E8	22.57	3.508E10	1.09		2.72	
intc	0.45	22.37	22.27	0.1	4.946E7	22.56	22.2	22.27	23.96	17.6	5.3E9		1.1861E11		0.21	2.15	
intu	0.33	49.35	49.44	0.16	2299274.0	49.54	48.59	49.19	56.46	36.33	3.04E8		1.5E10			2.05	
isrg	0.8	358.79	357.24	2.83	246869.0	360.94	356.2	355.96	384.49	246.05	3.929E7	36.1	1.41E10			9.94	
joyg	1.99	97.31	95.82	1.9	2780000.0	97.42	93.68	95.41	103.44	53.13	1.0504E8	19.46	1.022E10	0.73	0.7	5.0	
klac	0.49	40.95	41.34	0.2	2432515.0	41.35	40.29	40.75	51.83	27.75	1.67903E8	10.53	6.88E9	2.45	1.0	3.89	
lrcx	0.5	42.06	41.96	0.21	1670000.0	42.16	41.35	41.85	59.1	35.39	1.2449E8	7.16	5.24E9			5.88	
linta	0.46	17.15	17.28	-0.08	3019410.0	17.37	17.02	17.23	18.65	10.1	5.72144E8	17.15	1.031E10			1.0	
life	0.22	50.19	49.96	0.11	1371172.0	50.29	49.78	50.08	57.25	41.1	1.7877E8	24.97	8.97E9			2.01	
lltc	0.56	30.48	30.47	0.17	2560000.0	30.59	30.08	30.31	36.14	28.45	2.27734E8	12.92	6.94E9	3.17	0.96	2.36	
mrvl	1.29	14.87	14.76	0.19	9380000.0	14.93	14.54	14.68	22.01	13.17	6.11318E8	11.8	9.09E9			1.26	
mat	1.87	27.29	28.1	0.5	8690000.0	28.49	27.06	26.79	28.49	20.57	3.47588E8		9.49E9	3.43	0.92	1.85	
mxim	0.47	23.5	23.63	-0.11	2130000.0	23.71	23.36	23.61	28.44	15.67	2.9537E8	16.91	6.94E9	3.56	0.84	1.39	
mchp	1.03	32.34	32.2	0.33	2790000.0	32.41	31.73	32.01	41.5	27.46	1.9048E8		6.16E9	4.32	1.38	2.15	
mu	1.65	7.41	7.37	0.12	2.356E7	7.45	7.26	7.29	11.95	6.36	1.0E9					0.62	
msft	1.17	26.78	26.47	0.31	4.8496925E7	26.93	26.47	26.47	29.46	23.32	8.432767E9		2.2583E11	2.42	0.64	2.52	
myl	1.22	23.57	23.91	-0.29	6340000.0	23.95	23.47	23.86	25.46	16.87	4.3925E8		1.035E10			0.73	
ntap	2.08	50.66	49.9	1.03	5369406.0	50.78	49.84	49.63	61.02	37.04	3.7111E8	29.63	1.88E10			1.71	
nflx	0.11	286.93	287.96	0.31	4050000.0	289.75	281.62	286.62	304.79	95.33		82.45				3.48	
nwsa	1.33	15.64	15.36	0.205		15.8	14.89	15.44	18.35	11.91	2.63E9	13.96	4.108E10	0.97	0.15	1.11	
nihd	0.5	41.64	42.21	-0.21	1149474.0	42.29	41.42	41.85	46.32	34.94	1.70197E8		7.09E9			2.25	
nvda	0.14	14.1	14.16	0.02	2.064E7	14.25	13.81	14.08	26.17	8.65	6.0029E8		8.460000000000001E9			0.41	
orly	0.94	63.09	63.82	-0.6	1180000.0	64.0	62.63	63.69	66.52	45.74	1.3787E8		8.7E9			2.98	
orcl	0.12	32.09	32.15	0.04	2.513E7	32.26	31.84	32.05	36.5	21.66	5.07E9	19.22	1.6255E11	0.75	0.24	1.67	
pcar	0.37	49.28	49.31	0.18	2520000.0	49.56	48.85	49.1	58.75	39.77	3.6547E8	30.99	1.801E10		0.18	1.59	
payx	1.44	30.07	30.59	-0.44	2892218.0	30.6	29.92	30.51	33.91	24.65	3.6185E8	21.18		4.06	1.24	1.42	
pcln	0.53	522.5	522.28	2.78	705875.0	526.85	515.8	519.72	561.88	212.35	4.965E7		2.594E10			11.38	
qgen	0.16	18.28	18.2	0.03	1580000.0	18.31	18.07	18.25	22.2	16.86	2.3283E8	31.52				0.58	
qcom	0.07	54.96	55.05	0.04	1.754E7	55.5	54.64	54.92	59.84	35.74	1.67E9	23.9	9.176E10	1.57	0.86	2.3	
rimm	0.92	27.52	27.55	0.25	1.132E7	27.77	27.21	27.27	70.54	25.82		4.37				6.3	
rost	0.13	77.67	77.88	-0.1	1120000.0	78.01	76.92	77.77	83.11	48.71	1.1696E8	15.71	9.08E9	1.13	0.88	4.95	
sndk	1.12	41.62	41.5	0.46	5060000.0	41.76	40.84	41.16	53.6	33.03	2.38372E8	7.78	9.92E9			5.35	
stx	0.78	16.81	16.88	0.13	5881950.0	17.03	16.59	16.68	18.35	9.84	4.30085E8	10.57	7.23E9	4.32	0.18	1.58	
shld	0.12	74.23	74.32	0.09	299739.0	74.96	73.2	74.14	94.79	60.12	1.07706E8		7.99E9			-0.48	
sial	0.29	73.22	73.32	0.21	658898.0	73.38	72.58	73.01	76.16	51.44	1.21827E8	22.32	8.92E9	0.99	0.72	3.28	
spls	0.0	15.2	15.24	0.0	1.231E7	15.33	14.97	15.2	23.75	14.75	7.13154E8		1.084E10	2.63	0.4	1.24	
sbux	1.71	39.8	39.15	0.67	6610000.0	39.8	39.08	39.13	41.11	22.5	7.496E8	27.83	2.983408E10	1.33	0.52	1.43	
srcl	1.12	90.91	90.17	1.01	366118.0	90.93	89.77	89.9	95.71	61.02	8.585E7	36.81	7.8E9			2.47	
symc	0.0	18.97	19.03	0.0	7980000.0	19.11	18.87	18.97	20.5	12.04	7.55541E8	24.96	1.433E10			0.76	
teva	0.95	47.97	48.3	-0.46	4092125.0	48.67	47.71	48.43	57.08	44.86		12.9				3.72	
urbn	0.35	31.41	31.37	0.11	2737401.0	31.6	31.03	31.3	39.26	27.96	1.5969E8		5.02E9			1.53	
vrsn	2.65	33.66	33.2	0.87	2820000.0	33.74	33.13	32.79	37.73	27.66	1.6847E8		5.67E9			4.68	
vrtx	0.7	50.68	50.28	0.35	1768864.0	51.28	50.24	50.33	58.87	32.0	2.05998E8		1.044E10			-3.8	
vmed	0.58	27.52	27.77	-0.16	4383069.0	27.86	27.39	27.68	33.32	17.56	3.1727E8		8.73E9	0.58	0.16		
vod	0.04	25.77	25.78	-0.01	5230000.0	25.9	25.66	25.78	32.7	21.61				5.57		2.43	
wcrx	0.17	23.97	24.0	0.04	2194262.0	24.04	23.57	23.93	30.57	19.01	2.5387E8		6.09E9			0.65	
wfm	0.66	64.52	64.28	0.42	957931.0	64.53	63.7	64.1	67.42	34.04	1.75713E8	37.29		0.62	0.4	1.73	
wynn	2.42	162.62	160.32	3.84	1820000.0	162.7	158.15	158.78	162.7	77.37	1.24758E8			1.26	2.0	2.45	
xlnx	0.15	33.48	33.64	-0.05	4800000.0	33.7	33.06	33.53	37.37	23.96	2.65625E8	14.01	8.89E9	2.27	0.76	2.39	
yhoo	0.41	14.69	14.75	0.06	1.9519061E7	14.94	14.61	14.63	18.84	12.94	1.302941E9		1.914E10			0.85	
